#----------------------------------------------------------------------------------------------------------------------------------------------------------
# Output file for vampire simulation
#   time       : 2024-05-07 10:49:18     process id : 72957
#   hostname   : UOY22M030
#   path       : /Users/mss555/Dropbox/vampire_github/vampire-mara
#   version    : 6.0.0
#   githash    : 71852b58f5ad0177f16cc65dce29044e3213d846
#----------------------------------------------------------------------------------------------------------------------------------------------------------
5e-15      	0.0152688579856791	0.0236263433971136	0.999604250627965	0.895702371072018	304.754126316028	218.774575992262	
1e-14      	0.0126487285066888	0.0242930085070534	0.999624859337162	0.897735751206088	306.94253902563	175.84329956978	
1.5e-14    	0.00918113186199748	0.0283737531400897	0.999555219560419	0.90168336085254	296.463559053683	116.567201072503	
2e-14      	0.00673036443442265	0.0265875201232478	0.999623832233043	0.901858139618283	297.924225776832	59.042748702437	
2.5e-14    	-0.000398551526607637	0.0238624533835468	0.999715171674012	0.900118098702426	295.588335667038	18.9395967823655	
3e-14      	0.00357173967712763	0.0189114894056376	0.99981478196921	0.897238449983116	297.923320245839	7.74597032339901	
3.5e-14    	-0.00358734602301331	0.0259258197400742	0.999657432733492	0.896166782823387	299.139291299168	28.340545456189	
4e-14      	-0.000694106689483376	0.0216296813342452	0.999765810128193	0.897404979088981	300.182610139451	74.4399769636506	
4.5e-14    	0.000183355791642487	0.0235823858080929	0.999721880054774	0.897905775861439	297.22937375877	132.570265491626	
5e-14      	0.00530005960811142	0.0307161892066718	0.999514094492304	0.896498478195089	301.549375798489	186.265139114952	
5.5e-14    	0.00946156813526101	0.0364844375448714	0.999289429817736	0.896331031464233	298.801673910786	221.538958051752	
6e-14      	0.0135442178465186	0.0343671914395622	0.999317492249326	0.897815459883517	294.309915610154	228.723717497778	
6.5e-14    	0.0160670002451837	0.035430176998226	0.999242990498805	0.894511213774729	303.48638164114	206.21376606998	
7e-14      	0.0187276465224311	0.0348368219322327	0.999217529416589	0.898597798378635	288.934394838933	162.588686232452	
7.5e-14    	0.026716299783729	0.0391145218689028	0.998877516768114	0.898112232022162	285.110114422588	109.036491153537	
8e-14      	0.0313927970094001	0.0406096356299518	0.998681806077356	0.896486214948916	295.45761138919	60.8878068224003	
8.5e-14    	0.0205423002438116	0.0485656567481841	0.998608727623242	0.893719535477449	304.744424255311	31.2342435309229	
9e-14      	0.0227175392115802	0.0383664230878769	0.999005470951792	0.894215829450757	302.642751785184	28.6055741277938	
9.5e-14    	0.0340781322145154	0.0358006062840144	0.998777751801905	0.896528766691036	294.408425997488	52.943133237062	
1e-13      	0.0368832943566942	0.0285971746357188	0.998910318397128	0.895422703286535	303.066063775591	97.3244223828943	
1.05e-13   	0.047166345411445	0.0203039334678442	0.998680672760949	0.895934479140859	299.295615226867	149.229296759863	
1.1e-13    	0.0413639217505092	0.014547723551729	0.999038232359943	0.8969974609619	299.970880728859	194.216295535629	
1.15e-13   	0.0427684258375842	0.0125330248282262	0.999006398898441	0.895909371881646	307.829559624532	220.332657880176	
1.2e-13    	0.0444189433152047	0.0116039990772746	0.998945596456672	0.897557094443569	302.927438157635	221.243428654203	
1.25e-13   	0.0345109721295672	0.0119979480752499	0.999332298109421	0.900112908755504	297.68490753412	198.519695091019	
1.3e-13    	0.0295888604535178	0.0102843388289497	0.999509245435936	0.898365864444215	297.926946421409	157.182544106892	
1.35e-13   	0.0230757072882458	0.00573335019639287	0.999717280249108	0.901109831108446	286.886738268928	109.05026215177	
1.4e-13    	0.024782851467353	-0.00157741642948962	0.99969161346415	0.89843957664138	290.251469955936	68.3836099535057	
1.45e-13   	0.0192311977902567	0.00218507295524435	0.999812675698669	0.898193408864944	294.587105387713	45.9029064219175	
1.5e-13    	0.0205096848239316	0.000155334529403795	0.999789642224607	0.899202618082574	293.664916524942	47.694067335183	
1.55e-13   	0.0181396121835294	-0.00345800084344112	0.999829483812114	0.897529990232525	295.468905044893	73.1267704644284	
1.6e-13    	0.0175605115214766	-0.00903233818997268	0.999805003639173	0.898144438331466	298.293175476406	114.23885739515	
1.65e-13   	0.0266078483868147	-0.0140681282715653	0.999546952459543	0.898959032721235	299.350932265799	160.159841742334	
1.7e-13    	0.0218104938229679	-0.00872392753492171	0.999724059652244	0.896836702761064	305.17849995444	198.806974025867	
1.75e-13   	0.0209638797932727	-0.00949589480811345	0.999735136786642	0.895531109809353	306.999551101528	219.080099292489	
1.8e-13    	0.0153098575328365	-0.00853341782833047	0.999846382722112	0.899162251822271	290.367418195851	216.67131701936	
1.85e-13   	0.0180442445280362	-0.0172280243323223	0.999688751770778	0.900605645983641	289.836262603644	192.260976383224	
1.9e-13    	0.0209673235739112	-0.0227738356434374	0.999520747034414	0.901991157577776	288.482728677245	153.845288506508	
1.95e-13   	0.016770364339049	-0.01767533240253	0.999703124684721	0.900974164825541	288.774186599767	110.621695894028	
2e-13      	0.014657862687422	-0.0132744412563528	0.99980444901529	0.902654433151371	289.258166867358	75.6104348122828	
2.05e-13   	0.007073921332966	-0.0159442636500431	0.999847858473294	0.90396460898863	287.875557179775	57.9534697733814	
2.1e-13    	0.00393720177024991	-0.0221445193485423	0.999747027354942	0.903142180078445	291.841386290856	63.2408905466888	
2.15e-13   	-0.00150842208105175	-0.0197728626738331	0.999803359948599	0.899983348605264	295.215887758237	89.4707488756087	
2.2e-13    	0.00572185286139981	-0.0263658228694075	0.999635985638898	0.899927160961569	305.067731010365	129.258429054273	
2.25e-13   	0.00821862424904056	-0.0326447596205025	0.999433226326188	0.899512064613552	302.749836331041	171.967516437174	
2.3e-13    	0.0094870169658432	-0.0263950643575622	0.999606571150195	0.898841039217995	310.277023757108	204.876801332896	
2.35e-13   	0.009677585472522	-0.0196393130134207	0.99976029213196	0.900816961251454	304.162221772661	218.737353879877	
2.4e-13    	0.0160180464260231	-0.0159530552181073	0.999744428450542	0.900412369135972	297.108772955551	212.902665634652	
2.45e-13   	0.0150267867087917	-0.0138475342193246	0.999791198939685	0.899377780776627	297.630478311208	186.520110693353	
2.5e-13    	0.0173841822803424	-0.0140945649967058	0.99974953535573	0.899836916620702	295.995025058037	147.938780158512	
2.55e-13   	0.0146454207133607	-0.0139252269157712	0.999795779000628	0.899884621521277	297.058115292157	108.741046169368	
2.6e-13    	0.0161587524057177	-0.0193477124361735	0.999682229883165	0.899840655518004	300.225713375771	79.9693901956869	
2.65e-13   	0.0171558142667939	-0.0195677765133727	0.999661332731824	0.899073520928164	296.101965815784	69.1721379780292	
2.7e-13    	0.0144601486012571	-0.0174180711443722	0.999743724611482	0.897837538234019	301.817337379213	79.4475219079714	
2.75e-13   	0.0111303398708622	-0.0212743950237412	0.999711716271612	0.895374153097601	306.798679468453	106.86291029535	
2.8e-13    	0.00545004366378374	-0.0179319484790682	0.999824355698443	0.899794589055949	296.036460034537	144.514399985902	
2.85e-13   	-0.000344862120932907	-0.0107849368388871	0.999941781409047	0.897483713497941	304.427898699975	181.321728972215	
2.9e-13    	-0.00257014823487575	-0.00511004532298867	0.999983640753611	0.897947050653465	304.334249310869	207.532980413358	
2.95e-13   	-0.00429536092494597	-0.00323763583371765	0.999985533689729	0.899126601803405	296.675910715767	216.26483420538	
3e-13      	-0.00872994295056465	-2.76153177100969e-05	0.999961892940663	0.898187014909316	302.307975657204	205.876575793796	
3.05e-13   	-0.00827383846884174	0.00453149324549043	0.999955503593014	0.897706343296366	302.778176620173	179.408780255889	
3.1e-13    	-0.006907982164983	0.00672881899899929	0.999953500307533	0.898407917877868	303.559123733296	144.763492265784	
3.15e-13   	-0.00503670148395472	0.0142259322478838	0.999886120760679	0.899934459762816	300.979438796808	111.944508208413	
3.2e-13    	-0.00110540862097079	0.0071045596043764	0.999974151318227	0.898666010062206	295.79520209351	90.9572766157121	
3.25e-13   	-0.00689961186733166	0.0114009162581512	0.99991120328985	0.898471598803154	303.647892703478	86.5566298159873	
3.3e-13    	-0.0104921807244978	0.0206572271985843	0.999731560524179	0.898441036978705	303.287161331419	99.2346000021346	
3.35e-13   	-0.00414426779395811	0.0151336693110787	0.999876890970901	0.898926313690547	301.811825837535	125.132196141386	
3.4e-13    	-0.00945883771056554	0.0155255219299589	0.999834730622	0.900004693797111	296.89632460181	157.447651114925	
3.45e-13   	-0.00647332523045644	0.0185466147736005	0.999807040953853	0.900331633051319	298.803736227808	186.652052478356	
3.5e-13    	-0.00855856199436542	0.0269085080669834	0.999601262109146	0.901019868597936	295.208086582193	205.574941475243	
3.55e-13   	-0.00672045363729191	0.0290333309376829	0.999555851965047	0.901748462756887	296.869017831165	209.488305017932	
3.6e-13    	-0.00280827081839159	0.0346719107896889	0.999394802976883	0.903400468219538	293.631973000744	197.668453597696	
3.65e-13   	-0.00657937629635153	0.0391620178736982	0.999211212989332	0.902118276897348	295.225156343759	173.725465361545	
3.7e-13    	-0.00664235221394971	0.0400252123391585	0.999176591766576	0.902501605236362	293.212615521371	144.373524013885	
3.75e-13   	-0.00469684108857247	0.0435183488092643	0.999041587222826	0.900452353432339	294.767534576942	118.351395101322	
3.8e-13    	0.00227441236515358	0.0471662509866253	0.998884463697509	0.902687694024165	294.175916800827	103.012628436226	
3.85e-13   	-0.000522449091060546	0.0494971083641126	0.99877413027698	0.901736499121262	292.994569687073	101.780869717776	
3.9e-13    	-0.00201634627925477	0.044935973934603	0.998987834057168	0.899715400723941	293.36470277507	114.846515101881	
3.95e-13   	-0.00369040500734262	0.0435492924264916	0.999044463495011	0.901333500873132	294.150672343074	138.320154745795	
4e-13      	-0.0105078099320679	0.0412790274284885	0.999092402045471	0.900364835045068	296.453261359819	165.3877843294	
4.05e-13   	-0.00993494872107196	0.0362520538396046	0.999293292975751	0.900573925531774	294.158780273315	189.356286376636	
4.1e-13    	-0.0109970951275119	0.0328327608765135	0.999400357070169	0.901392073830415	295.341020257722	204.666847187869	
4.15e-13   	-0.0126100982108089	0.0284668494612146	0.999515194434215	0.899992226885627	301.834924401239	206.212352178675	
4.2e-13    	-0.0153193194464452	0.0314068766592303	0.999389276783681	0.900896845000287	299.222695586383	195.246239648821	
4.25e-13   	-0.0113429221325192	0.0366002364880503	0.999265610739464	0.900467439174709	303.296563514072	174.629280330143	
4.3e-13    	-0.0129611246421547	0.0342109932957567	0.999330584534331	0.903991671032817	295.705895261025	150.482456493977	
4.35e-13   	-0.00953372353562399	0.0354691351949666	0.999325296669742	0.906022718730497	290.560875274693	129.596648490729	
4.4e-13    	-0.00629946237736598	0.0312805555620041	0.999490792162433	0.904520194296711	292.988246040972	117.644324185412	
4.45e-13   	-0.000422554117210781	0.0278376150599831	0.999612369189072	0.903943048015694	287.64188175885	117.470511069824	
4.5e-13    	-0.00498931758786071	0.0329829590342043	0.999443460693678	0.90457015367552	290.259914599821	129.658111766606	
4.55e-13   	-0.0101148988265995	0.0360658079516204	0.999298226916532	0.902103034844431	297.792828131112	149.766805864947	
4.6e-13    	-0.0147857009234253	0.0377236992672445	0.999178815608997	0.899426622548905	299.448741468274	172.131247367217	
4.65e-13   	-0.00979771532476141	0.0374405826185285	0.999250823140817	0.897533464727423	302.381139375997	190.900168062204	
4.7e-13    	-0.0106771898844471	0.0329313905964186	0.999400580913158	0.897631092801598	301.702383650524	201.197249854511	
4.75e-13   	-0.0125589233276784	0.0288852026846492	0.999503836166083	0.897512783877407	304.021252387633	200.980642348299	
4.8e-13    	-0.00934635685298569	0.0248104859802615	0.999648480916667	0.898133537279572	304.003880450681	190.377537191202	
4.85e-13   	-0.00654104972118577	0.0171658188256751	0.999831260429773	0.899926352628958	295.368626289072	172.809629072485	
4.9e-13    	0.000410345981860351	0.00963111324995094	0.999953535557399	0.902935421633802	293.041136580161	152.733751542357	
4.95e-13   	0.00673577661537936	0.011254485538243	0.999913979234543	0.903528053198268	292.474173852198	136.926032038429	
5e-13      	0.00572846692526242	0.00860331388699993	0.999946582401704	0.904953630554888	289.395332001098	128.061433118364	
5.05e-13   	0.00772582974290496	0.00405811714115556	0.999961920895017	0.902994832564724	301.20728565831	129.553081841607	
5.1e-13    	0.00774445432793884	0.00491371121825996	0.99995793855003	0.902596819728304	297.508012579799	140.93153115456	
5.15e-13   	2.70430178553812e-05	0.0098726416529678	0.999951263920131	0.900147182261545	301.259380844087	159.144148201252	
5.2e-13    	-0.000368339256366014	0.00233633799122689	0.99999720292158	0.902742705563777	298.246355714998	178.743697405961	
5.25e-13   	0.00292529910788703	-0.000852539884008594	0.999995357889663	0.903205407092121	290.679975582267	193.559866326008	
5.3e-13    	-0.00362538033426428	-0.00388331890663934	0.999985888126278	0.900961642365755	296.94926968845	202.008993584736	
5.35e-13   	0.00628829070744764	-0.0017977992772662	0.999978612430155	0.902361694739051	301.076630829037	200.402817349417	
5.4e-13    	-5.92222572115951e-05	0.00219863073998067	0.999997581254871	0.903101717110106	296.979728329583	189.395253010654	
5.45e-13   	-0.00303575047845539	-0.00301610454931407	0.99999084362427	0.901259277836687	301.261890532337	172.274795946207	
5.5e-13    	-0.00293298044064079	-0.00373616244969223	0.999988719294315	0.900612855456999	304.845499804786	155.381797669661	
5.55e-13   	-0.0121098718567068	-0.00867294438322429	0.999889059365758	0.90127798140275	300.901985165992	143.33742190294	
5.6e-13    	-0.0117692961534217	-0.0016371440099129	0.999929399221537	0.900180150993552	300.127717755788	137.996633707165	
5.65e-13   	-0.0107160993857386	0.00187753146118907	0.999940818293546	0.898572987591227	299.89910719941	140.895104439998	
5.7e-13    	-0.0157809672653675	0.00298752226871475	0.999871009572166	0.900091908643725	296.149199994545	152.01074889193	
5.75e-13   	-0.020924312478279	0.00881130667527418	0.999742233789283	0.901388955785902	287.928680982194	166.895995966548	
5.8e-13    	-0.0124610548359895	0.0133324190723634	0.999833470490988	0.902022268257731	296.161267961349	182.809690343629	
5.85e-13   	-0.0169420942728023	0.0116308814409603	0.999788821721146	0.902787051042698	294.815970124007	193.866364990206	
5.9e-13    	-0.0120018709375785	0.0125727883847551	0.999848928631836	0.904115890477656	289.256651937838	199.340841555135	
5.95e-13   	-0.00483717655761613	0.015414832714384	0.999869483810431	0.902683587091683	290.583522625037	197.014462081903	
6e-13      	-0.00079437785367242	0.0126886496844198	0.999919180300594	0.901434723402753	290.62710481006	189.328520856611	
6.05e-13   	-0.0019238036417935	0.0103104485350279	0.999944995302519	0.901076252415175	282.034779249933	176.629287743094	
6.1e-13    	0.00294391502937526	0.0102511605180392	0.999943121918609	0.90178006087014	282.343007337014	163.297472572328	
6.15e-13   	0.00568749381765545	0.00536606605299952	0.999969428407283	0.901319210188476	284.249163845058	152.324623232609	
6.2e-13    	0.0034111864982818	0.0118210845193068	0.999924310019244	0.901417020536773	287.253401710113	146.778868553836	
6.25e-13   	-0.00187391409425373	0.00589443447968594	0.999980871861123	0.899202390594038	294.090298312525	148.656142749005	
6.3e-13    	-0.00455062193903093	0.0139088959876739	0.999892911492212	0.899329838651204	291.726910490544	158.125103613851	
6.35e-13   	-0.00473979362540618	0.0111737886448848	0.999926337688786	0.898279381033105	292.355984278689	171.694058019225	
6.4e-13    	-0.00629295795779723	0.00441500666998687	0.999970452761603	0.896433536128106	297.029091710149	184.670322849162	
6.45e-13   	-0.00948411630859973	0.00625537257907617	0.999935458843091	0.896242356716865	287.879863031016	196.26256723696	
6.5e-13    	-0.00844906993803741	0.0123926978827766	0.999887510801274	0.895893490045814	291.378632076401	201.37024445131	
6.55e-13   	-0.00649386917292229	0.011441860603937	0.999913452999351	0.897784943571146	293.970394557039	200.837754811388	
6.6e-13    	-0.00788013881971059	0.00967212594656456	0.999922173667459	0.89496636915683	297.493824044083	193.612954720767	
6.65e-13   	-0.00872996548570161	0.010805145596222	0.99990351361082	0.894106253510002	302.267877950611	181.954331826248	
6.7e-13    	-0.00772529126860228	0.0125036645864371	0.999891983289558	0.894626550654114	293.199299486202	168.6833781882	
6.75e-13   	-0.0058360425207847	0.0138986338583313	0.999886377837286	0.89647614185538	287.327562047582	158.422684210728	
6.8e-13    	-0.0121590426147381	0.0128602565822961	0.999843373475731	0.897053920969924	294.447458871315	152.779163454552	
6.85e-13   	-0.0098814889220195	0.00997263767027405	0.999901446480893	0.892821984608017	306.493939475384	154.16938744217	
6.9e-13    	-0.00646304114676341	0.00422923875939291	0.999970170874437	0.893442852197562	303.302116539147	161.086543297677	
6.95e-13   	-0.00816866102798772	0.00128987329368954	0.999965804017265	0.891680943869861	306.451730275059	174.762402112489	
7e-13      	-0.00401840169266754	0.00776009222142239	0.999961815979266	0.893519990252703	306.566568181555	189.28744174899	
7.05e-13   	0.00151633967440579	0.011846228988057	0.999928681243195	0.89354159010305	310.982743039785	201.230825432082	
7.1e-13    	0.000151418412126812	0.0103933073921744	0.999945976657697	0.892686103390715	315.234974190728	208.872171603162	
7.15e-13   	0.0046097677824777	0.00759144293888658	0.999960559239762	0.893488788197577	303.781452227414	209.234904509417	
7.2e-13    	0.00932071254162456	0.0100543385415211	0.999906012880315	0.894690176248154	295.32626359082	200.987213683093	
7.25e-13   	0.00367986134627938	0.00865652850810807	0.999955760588767	0.899214788921601	291.72498790187	188.830641080883	
7.3e-13    	0.000351980889639896	0.00506216495564932	0.999987125214828	0.895844756732675	299.499486227331	174.405615550773	
7.35e-13   	0.00366802599087953	0.00287202727277144	0.999989148463459	0.897309555471476	299.022259036548	163.240087942771	
7.4e-13    	0.00321170591300916	-0.00424854258189726	0.999985817314955	0.895298809705917	303.626682788879	156.747586483662	
7.45e-13   	0.00697070319884671	-0.0106509421138372	0.999918980082387	0.896709539991112	300.129687578167	157.683409692183	
7.5e-13    	0.00203297539450296	-0.00805860398824817	0.999965462359979	0.895715410916844	301.677599177195	165.489090444022	
7.55e-13   	0.00160529987762588	-0.0172138469877891	0.999850542073256	0.896469238878073	305.950642132748	179.526319559362	
7.6e-13    	0.00239904981271271	-0.00716913109726934	0.999971423651349	0.896018562528699	300.946849123434	195.026932849285	
7.65e-13   	0.000136424953161853	0.00209944760321699	0.999997786851548	0.896184193178097	304.783381831785	208.727946629487	
7.7e-13    	-0.000849788573362013	0.00582734242546767	0.999982659819478	0.896207469734873	302.107912509771	215.517647765965	
7.75e-13   	0.0031209042885534	0.00519543198000614	0.999981633552818	0.894568893783502	305.690889480732	214.423835312641	
7.8e-13    	-0.00168178879873734	0.00280416894979945	0.999994654097179	0.894621147405897	296.349387220688	205.66077270475	
7.85e-13   	0.0047039097632866	0.00897838003905877	0.99994862964295	0.8953955762656	297.720025368843	192.68005890628	
7.9e-13    	-0.000225414382640539	0.0162962793378279	0.999867181413661	0.895896110563763	299.981019060721	177.795349750946	
7.95e-13   	-0.000388028692488643	0.0146528624871908	0.999892565756274	0.898602289869741	290.638092217416	165.887219922124	
8e-13      	0.0119292141990361	0.0121606723034002	0.999854895421192	0.900223937740431	286.686679369457	159.278952635109	
8.05e-13   	0.0113248089843773	0.0185644256258242	0.99976352744169	0.899536634451214	297.587619220514	161.004214114962	
8.1e-13    	0.0120329335214745	0.0198524798661546	0.999730507463902	0.899391086445494	299.894437018161	170.266056638109	
8.15e-13   	0.0129444633793437	0.0175859047672907	0.999761559983848	0.899534040422585	300.028886514326	184.669692385356	
8.2e-13    	0.0137760903165331	0.0227738748735668	0.999645722223045	0.898434189762115	305.446015279823	201.839873449384	
8.25e-13   	0.0137323493371765	0.0293477422030937	0.999474928454567	0.897317154356729	306.895050284991	214.399437613057	
8.3e-13    	0.010444581240816	0.0252618017577418	0.999626306223809	0.901121984448937	297.044466488814	221.55094591272	
8.35e-13   	0.0130523734138136	0.0264437813479391	0.99956508641323	0.902785146462094	294.370671554884	220.924118023056	
8.4e-13    	0.0117953560648028	0.0249478722758713	0.999619164104116	0.904227055883097	295.81059389466	211.881523464353	
8.45e-13   	0.0122371358151221	0.0203659027659997	0.999717701409537	0.903474429568383	293.124744965446	198.102743559807	
8.5e-13    	0.0236818681858712	0.0191530588112864	0.999536057107195	0.905619260932963	293.589958127007	182.614024372878	
8.55e-13   	0.0269788746835914	0.0238737479480278	0.999350881562488	0.90460148037454	295.310603204573	170.140497455253	
8.6e-13    	0.0286830545389176	0.0211329930684468	0.999365137968244	0.904191027723323	291.283096823173	163.230775374536	
8.65e-13   	0.0285018593916886	0.0208727785961995	0.999375790743848	0.901210090210687	298.161979397444	164.51653680825	
8.7e-13    	0.0266078334543604	0.0265263634480297	0.999293938359024	0.901679173963126	296.670852062366	172.23850526644	
8.75e-13   	0.0221802010911533	0.0263684146425779	0.999406196393035	0.897246913042016	306.240098671988	186.639734587325	
8.8e-13    	0.0241153384041086	0.0282361874034457	0.999310346276157	0.897431837520182	310.525626916903	203.391879193931	
8.85e-13   	0.0371951414543706	0.030616504350191	0.998838901481898	0.895457655675798	311.654348754098	218.911919965461	
8.9e-13    	0.0396947849811657	0.0322890140089056	0.998690013777865	0.896921114603667	307.839518794567	228.078389087874	
8.95e-13   	0.0423096691466331	0.0329479903326786	0.998561125735295	0.899178339582574	308.874997278334	229.166992611945	
9e-13      	0.0435720574824275	0.0310986844903861	0.99856614584599	0.900910702126012	304.637357405512	222.116830343357	
9.05e-13   	0.040370460835837	0.0358568592103269	0.998541191708922	0.902031415532641	300.818334692477	206.964772944757	
9.1e-13    	0.0422785912252663	0.0385487637793738	0.998361915106485	0.902549711481683	292.537817656665	189.605746894567	
9.15e-13   	0.03721215296786	0.0394661594373036	0.998527755213027	0.901882652928426	294.995691210392	173.668682433976	
9.2e-13    	0.0343774617004763	0.0472644930731823	0.998290668002845	0.900546263703384	302.500917862356	163.391368827695	
9.25e-13   	0.0310927055563093	0.0515007436223655	0.998188818344271	0.898690177071409	310.230889084901	162.763512213204	
9.3e-13    	0.0286154137597655	0.0495432669711144	0.998361969825166	0.898325565465989	303.652952189909	171.273674358783	
9.35e-13   	0.0263692329438025	0.044719475742783	0.998651506804674	0.896619586518473	298.639715371455	187.953738704434	
9.4e-13    	0.0253690708434151	0.047310252092959	0.998558035514933	0.894901177959687	303.212296558798	207.347316211388	
9.45e-13   	0.0217921588708887	0.0442260603782867	0.998783839174004	0.894527624852226	306.179087157576	225.820307056583	
9.5e-13    	0.0206690825647761	0.0392964841619224	0.999013801385367	0.897946883977735	294.12762131516	238.009883104555	
9.55e-13   	0.0187337972073251	0.035654806226588	0.99918856060062	0.895235813064321	298.984318877463	239.247484536258	
9.6e-13    	0.0119715304385557	0.0261714997103414	0.999585781742553	0.894743471891041	294.076505599394	229.903862540853	
9.65e-13   	0.0072872445677159	0.0263112763710701	0.999627236925013	0.894271364757488	293.123327673688	212.701750325086	
9.7e-13    	0.00202615380262282	0.0218938776126299	0.999758247189715	0.89273455836706	304.048078669558	191.062715101149	
9.75e-13   	0.00539859638733062	0.0278208378353972	0.999598347407189	0.893294457825571	299.232094490027	171.43802902065	
9.8e-13    	0.0157418757273883	0.0248771572417313	0.999566566265676	0.893200445066209	300.084152740005	158.80425926305	
9.85e-13   	0.0134169676987606	0.0265349790470456	0.999557842180603	0.892648286863399	309.720396700722	157.907853698065	
9.9e-13    	0.0198442854312121	0.0351076878086203	0.999186496402177	0.892786867301574	305.12730327989	169.367703432427	
9.95e-13   	0.020457566751043	0.0341470628048051	0.999207418939847	0.892736617864534	304.423761099831	189.893902141634	
1e-12      	0.0199505085542501	0.0377493991039517	0.999088064224429	0.893286497575931	301.537039533041	215.147679260786	
1.005e-12  	0.014545692847561	0.0342622512950234	0.999307020367505	0.896291470281329	293.884084907537	237.607269285127	
1.01e-12   	0.0156044318415258	0.0412998281882194	0.999024937575898	0.895305116557325	296.40927434199	251.337096439249	
1.015e-12  	0.0179742229023957	0.041523502011018	0.998975838592604	0.895547425247113	294.598963078048	251.988094299602	
1.02e-12   	0.0233634178475248	0.0415845888633101	0.998861788575152	0.897284337819159	294.788088843418	239.357264836886	
1.025e-12  	0.0255476901561785	0.0425930240925637	0.998765813304768	0.898951332860847	291.376852675799	217.359781715814	
1.03e-12   	0.0289148734143527	0.0465717283348256	0.998496371658575	0.898313965493273	292.415223333776	191.16038772226	
1.035e-12  	0.0257947130556089	0.0495401585257625	0.998438984350882	0.899558675636151	289.857612065773	168.613015380787	
1.04e-12   	0.0282078547681467	0.05698759144701	0.997976318030868	0.895181184631049	303.733260307108	155.544125923966	
1.045e-12  	0.0307038695822714	0.0508719791534291	0.998233096090131	0.897452476105158	300.662265778897	156.301109872385	
1.05e-12   	0.0212908650271598	0.054239077582929	0.998300967408801	0.895572632905851	299.173737881144	171.382646832986	
1.055e-12  	0.0213411178947881	0.0629656687894948	0.997787493026893	0.895865664258086	300.768186616645	197.148622372228	
1.06e-12   	0.0241265664869221	0.0570355056835717	0.998080587869021	0.896405484889627	290.870714535993	225.827545413631	
1.065e-12  	0.0247196565292038	0.0617033656483202	0.997788370972897	0.894525016223401	295.818784161543	249.745030421686	
1.07e-12   	0.0278380981215622	0.0574474542325158	0.997960335030996	0.895160268142093	294.864028291675	261.700386242631	
1.075e-12  	0.0244788530538351	0.0588878206407842	0.997964433400984	0.896181106133084	293.995784039522	257.742775687474	
1.08e-12   	0.0224573954163199	0.0578955540094656	0.998070022702341	0.897932924438272	298.810992854736	240.905392571616	
1.085e-12  	0.0245959760120651	0.0586486536601476	0.997975637672516	0.896099133261435	303.639056119069	214.81749509776	
1.09e-12   	0.0269660468987171	0.0606714219382843	0.997793471052323	0.895636966734231	307.340676359938	187.913066923385	
1.095e-12  	0.0326724647396908	0.0553075916836404	0.997934657354874	0.89718127147967	299.585266080417	164.903310204316	
1.1e-12    	0.0422113196748582	0.0533877876726243	0.997681286092272	0.898210249398709	294.683380602891	153.547981384097	
1.105e-12  	0.0412950183277236	0.048626441435197	0.997963020684966	0.899014050773181	301.169425823947	157.660729008218	
1.11e-12   	0.0370047785300246	0.0438675703108613	0.998351783010861	0.899137817726056	297.988707870925	175.095538847177	
1.115e-12  	0.0408790754939845	0.0446196390065862	0.99816731513393	0.899026617429459	297.522630085419	203.032149456821	
1.12e-12   	0.0369585914015588	0.0370060019612533	0.998631372599748	0.897504631059926	293.28406896344	232.831084234236	
1.125e-12  	0.0345142309639075	0.0343594526782258	0.998813393919316	0.896966596468503	300.651780388245	257.273357169604	
1.13e-12   	0.0437911385717683	0.0380929105866707	0.998314212232614	0.89658439375709	301.082178241887	269.400693009045	
1.135e-12  	0.0457964130723848	0.0356693057670431	0.998313772906996	0.896116689038858	303.885829255961	266.835700888232	
1.14e-12   	0.0364892955504665	0.0393087768004662	0.998560639809462	0.894554528535329	306.103781822946	246.985269875611	
1.145e-12  	0.0382334219855063	0.0347944762025622	0.998662880990911	0.893151560880484	306.02795485157	218.912173752345	
1.15e-12   	0.0338700897584084	0.0278982403812728	0.999036788713702	0.892110549912009	311.388502019574	187.437872450982	
1.155e-12  	0.038719070078012	0.0251088127501353	0.998934623053267	0.89307097394841	317.670594260084	163.37190277249	
1.16e-12   	0.0374924079447052	0.0193414791263456	0.999109716963914	0.893428530233908	315.752633286564	151.921930419401	
1.165e-12  	0.0330968497394579	0.0218184854695467	0.999213967190781	0.893238498905465	313.570853036247	156.497452625455	
1.17e-12   	0.0280643587970763	0.0161294597741106	0.999475978847268	0.893814511584131	311.45396120802	177.213032681666	
1.175e-12  	0.0202962343542382	0.0117277802217999	0.999725223269928	0.895877012767263	313.222335136505	208.631112173639	
1.18e-12   	0.0205517818509698	0.00606007448929577	0.999770423527289	0.899000882321555	305.509900051222	242.176476062247	
1.185e-12  	0.013788545502631	0.00243485887353755	0.999901968932549	0.900509749400262	294.437676693023	269.148290787961	
1.19e-12   	0.0116269179514233	-0.00296716025944532	0.999928002777673	0.900385768968616	294.211119881059	280.397152206159	
1.195e-12  	0.00651399982806315	-0.000976777722037194	0.99997830662046	0.902083510067403	292.892500247306	274.090164697641	
1.2e-12    	0.00717740710043797	-0.00505124957562744	0.999961484110783	0.903336673138393	286.212128512612	251.27756986598	
1.205e-12  	0.00133662523417651	-0.00951580895399821	0.999953830340648	0.901535166537564	293.208974596067	217.566171521405	
1.21e-12   	0.00191784531480022	-0.0109370104496651	0.999938349935521	0.901082043766749	297.996500593609	182.09264031001	
1.215e-12  	-0.000321203285354399	-0.00897655979428739	0.999959658287628	0.902179815198892	299.873215688166	155.063848448304	
1.22e-12   	-0.000250981308114497	-0.00504305729805834	0.999987252209483	0.902141699532348	296.14772866338	143.847542399355	
1.225e-12  	-0.00914115318089593	-0.0153307675833851	0.999840690752196	0.90142497035185	300.051527676172	152.475943899331	
1.23e-12   	-0.00596095623815484	-0.0121787941624817	0.999908067760969	0.902105748352735	296.394209439125	179.31393797203	
1.235e-12  	-0.00372591266414422	-0.00303684216277401	0.999988447515519	0.903510615105762	296.88854394347	216.841638747818	
1.24e-12   	-0.00845237537608782	-0.00362792127201714	0.999957696874096	0.903670164265468	303.294552861941	254.104422806206	
1.245e-12  	-0.0059985110634469	-0.00201287375633436	0.999979982901789	0.904042328270117	299.009633452484	281.916634281767	
1.25e-12   	-0.00848540764845911	-0.00802608307000625	0.99993178759733	0.904032809900262	301.377787522724	292.747828621827	
1.255e-12  	-0.00933007311095517	0.000470584674315807	0.999956363190819	0.903014184155023	303.117004422324	281.912457510933	
1.26e-12   	-0.00960301323853071	-0.000713142962447307	0.999953635707104	0.905691472224075	290.489328347549	252.302586533809	
1.265e-12  	0.001751204669332	-0.00336366348040629	0.999992809499247	0.902086940595258	303.06577680817	213.982863804624	
1.27e-12   	0.00149189391287441	0.00507145853962511	0.999986027182797	0.90236799536168	298.645122613379	175.462311377956	
1.275e-12  	0.0025719952176968	0.00548987001145327	0.99998162291507	0.899973200147536	305.883305409495	149.961058317526	
1.28e-12   	-0.00208416685045171	0.0066019448418294	0.999976034999262	0.898794812641499	306.783657351227	142.275064956398	
1.285e-12  	-0.00625920739060705	0.0106111100433906	0.999924110453633	0.902342195493412	297.589763044574	155.964323687158	
1.29e-12   	-0.0048412324495319	0.0171314459849461	0.999841525456327	0.900514732273625	301.961785634655	186.995702860509	
1.295e-12  	-0.00949495768758028	0.0189873973605348	0.999774636865721	0.901749545473391	295.114422114442	226.238989517013	
1.3e-12    	-0.00837954936339185	0.0177429091623586	0.999807467629104	0.901090501885543	301.558602447142	263.124259187451	
1.305e-12  	-0.0143838448225228	0.0324780120086319	0.999368942755421	0.898837544816472	306.666820699748	287.925075915794	
1.31e-12   	-0.00238928516240045	0.0325101116293418	0.999468550759983	0.898770386258348	300.832181483325	292.730797965853	
1.315e-12  	0.00489503043592707	0.0308660478313941	0.999511543589318	0.899083387432451	299.720357432709	276.66726990321	
1.32e-12   	0.00085396848201377	0.0314562733154446	0.999504764174206	0.897853619221494	299.458758066614	245.882765438301	
1.325e-12  	-0.00882670913651826	0.0328473137727378	0.99942140420532	0.89697025469953	303.917345907404	207.362448783759	
1.33e-12   	-0.012314553675622	0.0281230523835779	0.999528611742756	0.898245509804042	304.667386489304	173.296847730711	
1.335e-12  	-0.00644444400366615	0.0214712771449244	0.999748695122554	0.900557854679117	301.530699012467	152.904718611166	
1.34e-12   	-0.00896325120788393	0.0244888864059039	0.999659919457804	0.902178315821952	293.799227878951	150.767142937421	
1.345e-12  	-0.00266138254835839	0.0209176261332373	0.999777660262461	0.899818915345313	294.712422941337	167.617434524361	
1.35e-12   	-0.00794133578862081	0.0188682510781068	0.999790440185915	0.898330616053273	303.021313884076	199.633959266933	
1.355e-12  	-0.010683023027997	0.0135393817022438	0.999851268020451	0.900100146759754	299.283078168406	237.025523749219	
1.36e-12   	-0.00508607820370417	0.0121541878715926	0.999913199995723	0.902258477277752	292.78122642765	269.315976490062	
1.365e-12  	-0.00301667825269055	0.00973285910509995	0.999948084205355	0.903461659506308	296.462185347028	288.279034518896	
1.37e-12   	-0.00928982131831793	0.00805744254611187	0.999924385560973	0.902047223299747	294.55018235926	289.505041638181	
1.375e-12  	-0.00247033951877238	0.00569776045272313	0.999980716288312	0.903966313970981	288.535644261859	272.154481233002	
1.38e-12   	-0.00651827882979304	0.00987075792754389	0.999930037642151	0.902615244592722	292.732121748606	241.681586121378	
1.385e-12  	-0.00617783581599283	0.0127905677276694	0.999899112771801	0.900451207985436	295.424164096782	206.429545219434	
1.39e-12   	-0.00938922820047244	0.00574233243834167	0.999939432171753	0.899761572785363	299.844334256099	175.568058706356	
1.395e-12  	-0.011414545135388	0.0105449683648569	0.999879248610319	0.898377669534969	294.202876671472	157.220910636801	
1.4e-12    	-0.0192454812029587	0.00368049381871614	0.99980801428	0.894926674239217	305.020650896157	157.915155293578	
1.405e-12  	-0.0241104749796329	0.00795742858951985	0.999677630202106	0.895008525411566	311.270657182059	176.525909121019	
1.41e-12   	-0.027101823675747	0.00718525515256451	0.999606854349169	0.89711601844949	299.200269954211	207.073373250437	
1.415e-12  	-0.030608640057893	0.0010276883836016	0.999530917485994	0.897195836598804	298.274696158397	241.696401494995	
1.42e-12   	-0.0297728584578907	0.00121491387482698	0.999555951852383	0.89790620355098	296.372773863201	272.082161910774	
1.425e-12  	-0.0323422939798894	0.00235534487856533	0.999474075887225	0.896602055300795	292.172130739577	289.183467196898	
1.43e-12   	-0.0341948734341867	-0.000632093415705264	0.999414984422754	0.896080697724419	292.186832163811	288.220249191921	
1.435e-12  	-0.0362744746204141	0.00362079162485235	0.999335305269969	0.893966147991855	300.489654358273	270.292098436331	
1.44e-12   	-0.0414506514465054	-0.00181650957817683	0.99913890114819	0.896319989824294	300.4462839989	239.30776628923	
1.445e-12  	-0.0427144888215699	-0.00161101105769184	0.999086020865112	0.898470682034741	292.344352498223	204.278956024605	
1.45e-12   	-0.0482690323767233	-0.00485103663619227	0.998822590832311	0.896285240874493	294.247041007202	175.156604338935	
1.455e-12  	-0.0429660097982865	-0.0129993296768252	0.99899196164432	0.895985218261059	296.758631329919	160.109573857219	
1.46e-12   	-0.0495913780851566	-0.014958504948251	0.998657568112978	0.894875256711302	301.606575705512	163.168222911308	
1.465e-12  	-0.0464350671239907	-0.0209788548480557	0.998700992384835	0.897972693418292	288.086656506364	183.698786329739	
1.47e-12   	-0.0476488088348659	-0.0229870645942426	0.998599612396259	0.896602635570981	291.531666457562	215.681841313645	
1.475e-12  	-0.0452340782289325	-0.022650132017204	0.998719605137689	0.896051829361561	291.930078610641	250.623935804795	
1.48e-12   	-0.0458242335356722	-0.0254749022284907	0.998624638679277	0.893299860752852	297.386021528822	279.219377675723	
1.485e-12  	-0.0466728394346084	-0.0281010874225404	0.998514884688647	0.897513390730826	290.667322796715	292.26339442964	
1.49e-12   	-0.0461414206259955	-0.02791508514224	0.998544799858332	0.894752583220274	300.593502546156	286.895033172259	
1.495e-12  	-0.0477091317761886	-0.0277205538372782	0.998476544361517	0.889150445377346	314.116772790077	263.293530025346	
1.5e-12    	-0.0521300002518435	-0.0318263983709289	0.99813302892975	0.891094377573945	306.424693445463	229.72839236106	
1.505e-12  	-0.0579965651468412	-0.0365624938009781	0.997647022988703	0.890266085922271	301.424690470288	196.772878856866	
1.51e-12   	-0.0558106702947716	-0.0356100781020512	0.997806139196795	0.89136836782038	306.381853685786	171.397830677208	
1.515e-12  	-0.0502556016404986	-0.0370305453752696	0.998049654683053	0.891561080473166	305.289322060712	162.438246100114	
1.52e-12   	-0.0500851434209909	-0.0394057538610294	0.997967266482795	0.890898444553342	310.996346415331	171.047629144104	
1.525e-12  	-0.0461555896462971	-0.0500729552501103	0.997678485633986	0.889313975984556	312.960188432888	196.045054808457	
1.53e-12   	-0.0494264329876635	-0.0477000487457877	0.997638077196217	0.893420170783758	303.612937942673	229.538873733079	
1.535e-12  	-0.0508534454721701	-0.0462210279194726	0.997635977529718	0.895765136843347	299.646487730183	262.8160844325	
1.54e-12   	-0.0494897092880953	-0.0493476187195049	0.997554801101821	0.897182489837208	289.282044579325	285.968177586944	
1.545e-12  	-0.0456854174006407	-0.044048223264466	0.997984266741802	0.897952428652946	293.513950247684	292.199571312068	
1.55e-12   	-0.0457142148093932	-0.0447899173038428	0.997949935554022	0.901060245791516	290.419448157592	280.692962847328	
1.555e-12  	-0.0399379556563014	-0.0455291683466698	0.998164342444497	0.9027397075788	286.981528669994	255.768020466696	
1.56e-12   	-0.0363828359796847	-0.0482007663191676	0.998174822048884	0.900983807001868	292.822060730279	224.075474966349	
1.565e-12  	-0.0284073281011718	-0.0478895293539878	0.998448604930873	0.900839340116584	297.029712312976	194.851082608863	
1.57e-12   	-0.0273996646058312	-0.0517317191417495	0.998285073320305	0.904452245943585	289.200774153073	175.621215843214	
1.575e-12  	-0.0272144383569367	-0.0511932518911664	0.998317897919157	0.903806773087117	295.153555301896	173.189055449793	
1.58e-12   	-0.0251093148902377	-0.0496173794083496	0.998452621793539	0.901334701458219	300.610400421221	186.395678980333	
1.585e-12  	-0.0330976113323486	-0.0577548807819968	0.997782001175582	0.900271887716485	304.108999087499	211.688674739753	
1.59e-12   	-0.0374122242178342	-0.0502472772162541	0.998035839342169	0.897340122804743	311.883556868298	241.314724785099	
1.595e-12  	-0.0359765342967178	-0.054715139543355	0.997853667871571	0.900380071444093	295.002175683717	268.232841004094	
1.6e-12    	-0.0325812320212482	-0.0516465658713056	0.998133806437633	0.899187958012591	301.438237883707	284.725017458553	
1.605e-12  	-0.0354790273556431	-0.0481725932562431	0.998208715588512	0.899408356641495	305.122977702256	286.426755958582	
1.61e-12   	-0.033091634653611	-0.0479533032990648	0.998301269366447	0.899358814363864	313.192003026531	273.199188584867	
1.615e-12  	-0.0334881776101116	-0.0510224834249669	0.998135886613392	0.900733965092479	308.819924654936	248.797087609143	
1.62e-12   	-0.0336739863376704	-0.0573075212876009	0.997788509979946	0.902800424404202	295.882008099955	219.627055241195	
1.625e-12  	-0.0360484771135821	-0.0573580206807287	0.997702643457148	0.900403367067392	301.54221542576	195.283014029583	
1.63e-12   	-0.0370555712173231	-0.0556172346942296	0.997764304756752	0.898007996123998	306.542535509678	181.497825738932	
1.635e-12  	-0.0340377943560372	-0.0527713622582093	0.998026358309633	0.899608345329976	301.762216499889	182.140025516838	
1.64e-12   	-0.0353753723656251	-0.0458369284047024	0.998322372294849	0.8986836255108	308.848498591479	196.947413540018	
1.645e-12  	-0.0389778787404275	-0.0416313965785054	0.998372451436747	0.900208571478162	305.346872736543	222.74778392113	
1.65e-12   	-0.0350565138577309	-0.0427746810174696	0.998469512554087	0.899926137966565	301.763818055976	250.509620441642	
1.655e-12  	-0.0356093914871817	-0.0463697486056358	0.998289445828294	0.897847146828389	304.925275128428	273.266236833732	
1.66e-12   	-0.0396077671238253	-0.0464732708640703	0.998133988940693	0.896457665441626	302.701706946825	284.709835941791	
1.665e-12  	-0.0371464409868798	-0.0540259099235916	0.997848356705034	0.893322407535744	314.626592433917	282.75904279947	
1.67e-12   	-0.039738152701089	-0.0483029916859162	0.998041933094043	0.891794099450059	311.396117524589	267.47217054353	
1.675e-12  	-0.0421405365548435	-0.0480849405119081	0.997953913602645	0.894386416370534	299.953472293188	244.11800600041	
1.68e-12   	-0.0432555595834011	-0.0485393146224962	0.99788420746152	0.895253058459167	302.263684811826	218.894330011349	
1.685e-12  	-0.0464950856793866	-0.0504873062409353	0.997641838996441	0.900350098532212	294.010284450106	197.540472823671	
1.69e-12   	-0.0544972040960716	-0.0477838952636298	0.997369918384922	0.900827545566177	294.09803004483	187.230412232904	
1.695e-12  	-0.0579876615661114	-0.0495645449737495	0.997086148227744	0.895652527137549	310.475919182092	192.6191905581	
1.7e-12    	-0.0548964312297853	-0.0414172645063696	0.997632693950556	0.896410549309795	303.666916583807	209.115457810562	
1.705e-12  	-0.0544844985204413	-0.0473254306241658	0.997392471917255	0.897031645006277	299.782277966457	233.149448593478	
1.71e-12   	-0.0590679554122141	-0.0403577766085708	0.997437830900068	0.896236547370208	300.230298564551	257.194734231822	
1.715e-12  	-0.0564476749753732	-0.0431653135493832	0.997472012487598	0.893610643685327	305.480626500223	275.282845758825	
1.72e-12   	-0.0540804014630892	-0.0356332861292226	0.997900585778576	0.895575035998323	297.771773371842	282.652664326364	
1.725e-12  	-0.0623340409715318	-0.0281005794924363	0.997659673820862	0.897146663467121	296.365269276753	278.143691212765	
1.73e-12   	-0.0552215475990135	-0.0238480068561107	0.998189287284612	0.897058245116632	298.194764713158	262.233422331776	
1.735e-12  	-0.0561689729158414	-0.0262367784799927	0.998076489021043	0.896299696546434	297.56257454559	237.182022963669	
1.74e-12   	-0.0512026736417445	-0.033831105910876	0.998115094808602	0.897094736284337	296.502066130824	215.174900302613	
1.745e-12  	-0.0483321399391434	-0.037510436035709	0.998126731150566	0.898159446502047	297.124240994239	198.419754453969	
1.75e-12   	-0.0538792471909614	-0.0401796759719971	0.997738753562735	0.897115298867611	299.774845009999	193.855496560916	
1.755e-12  	-0.059019379111384	-0.0365230854472083	0.997588480847049	0.893343890389636	308.159382916527	201.860909816732	
1.76e-12   	-0.0633392966605477	-0.033273106685186	0.997437233047806	0.896074444326351	301.275208767839	219.924628357827	
1.765e-12  	-0.0656091671501751	-0.0296201766215682	0.997405675902623	0.89716290267938	297.976694391884	245.025470952848	
1.77e-12   	-0.067107377541533	-0.0259212591889759	0.997408987427703	0.899429953809359	299.087308454258	267.750641840651	
1.775e-12  	-0.0723473330552218	-0.0254510582192564	0.997054716169237	0.89846439649032	297.801283349256	282.55388780037	
1.78e-12   	-0.0772131575545583	-0.0204086800514379	0.996805705280128	0.897041400991603	304.909344048341	284.978101701253	
1.785e-12  	-0.0697055672575836	-0.0197997162819176	0.997371096998732	0.898144307862591	295.229824192806	273.760938879527	
1.79e-12   	-0.0710600020954538	-0.0216199242715793	0.997237712371872	0.899447651394876	293.420221600675	253.770021915012	
1.795e-12  	-0.0665623339378225	-0.0243861817956046	0.997484220345456	0.900306736826147	284.262876316953	230.947727965636	
1.8e-12    	-0.0698509519622613	-0.0254033011046652	0.997233932837703	0.900816817352645	281.509979412638	210.79752127276	
1.805e-12  	-0.0701675148827113	-0.0318890642960777	0.997025379533292	0.898999668183367	283.372538645066	199.887201064928	
1.81e-12   	-0.0694231858583831	-0.0287065671235239	0.997174184518059	0.89761197645522	284.520117730705	201.046048612917	
1.815e-12  	-0.0605342239339057	-0.021479035604057	0.997934997262968	0.896581853375405	286.252479934909	213.206558612865	
1.82e-12   	-0.0580739371308053	-0.0178580659197369	0.998152547112782	0.89590823447954	288.046150124168	232.526810480191	
1.825e-12  	-0.0603374234742767	-0.0163474230610109	0.998044165900362	0.894349215044819	298.071338285292	254.443882460466	
1.83e-12   	-0.0635554897371299	-0.00943779225246082	0.997933679059722	0.894988517670529	294.005977823231	272.46738430639	
1.835e-12  	-0.0657992669219682	-0.0170132504229179	0.997687829825832	0.893041024232275	301.158374794631	281.782502606867	
1.84e-12   	-0.0615134670587649	-0.0165208676502899	0.997969515718036	0.893609817155291	302.079271171785	279.43311364381	
1.845e-12  	-0.0605474669732934	-0.0168262807310539	0.998023486958036	0.89433422529331	293.698875486795	265.581478071894	
1.85e-12   	-0.0597703363608625	-0.0173524686279858	0.998061320122077	0.892319028911185	296.57324697139	246.159802388763	
1.855e-12  	-0.0624747177000037	-0.0174284283536064	0.997894362912943	0.889530868363383	304.716232990084	227.200872793464	
1.86e-12   	-0.0629653455138403	-0.0243970166357618	0.997717470451228	0.89004488288164	303.430517661295	212.395029241896	
1.865e-12  	-0.0542882580405763	-0.0161508626469435	0.998394678809277	0.89091182264251	309.101959360198	206.348259711677	
1.87e-12   	-0.0436832484578031	-0.0232458822065035	0.998774951009793	0.892912589462264	296.773235388302	210.605691876164	
1.875e-12  	-0.0456098236968152	-0.0173469717388046	0.998808703683462	0.894742973409386	296.206267592375	224.016393910352	
1.88e-12   	-0.0479805245258826	-0.020612272107959	0.998635570919026	0.896221680942668	290.755668430872	242.391613944363	
1.885e-12  	-0.0531522050690878	-0.0221219215322405	0.998341356292533	0.893406812222887	300.258261516456	261.034436311673	
1.89e-12   	-0.054210467633689	-0.0306090611683098	0.998060274018224	0.89215195624807	304.857526165021	275.304553367886	
1.895e-12  	-0.0507843693688014	-0.0352124533347767	0.998088688923965	0.892669903896779	301.7862454435	280.457770790485	
1.9e-12    	-0.0498357446933978	-0.0423455146979113	0.997859336748333	0.895256875461033	300.989297052248	275.351086615574	
1.905e-12  	-0.0475401783729265	-0.0409347826311849	0.99803019744455	0.895722921195394	302.764198630123	262.121837360318	
1.91e-12   	-0.0467726968007704	-0.045158790643327	0.997884261055166	0.893375799289302	307.719475525425	243.779149217352	
1.915e-12  	-0.0501805320351217	-0.0430664052411294	0.997811204058302	0.894258535543548	299.312432154614	225.675571064176	
1.92e-12   	-0.0465006786755877	-0.0393646225985857	0.99814233121854	0.892213660503345	309.951879378108	212.761936287647	
1.925e-12  	-0.0403266261999497	-0.0476424626083062	0.998050078390832	0.895025320162097	304.420066619587	209.45445147414	
1.93e-12   	-0.0346581622466125	-0.051525179061381	0.99807012164095	0.897050719493995	298.421050440094	215.379106418599	
1.935e-12  	-0.0360347470943219	-0.0516067897327807	0.998017152285132	0.89659732598686	295.593043074205	229.481238241664	
1.94e-12   	-0.0317545185102687	-0.0461548406207202	0.998429457318571	0.896426618025634	300.487927588283	248.41859085847	
1.945e-12  	-0.0317127524035214	-0.041774037041743	0.998623668437829	0.897975404868069	296.530145005882	266.730897557919	
1.95e-12   	-0.0257906870548001	-0.0366015133151702	0.998997081919803	0.896036783017928	299.063631895745	278.548163901747	
1.955e-12  	-0.0261225055482736	-0.0377876624514835	0.9989442963801	0.896822963861522	288.280567608733	281.902634936412	
1.96e-12   	-0.0312320351926491	-0.0268937782622468	0.999150281323338	0.898837677335113	289.014178074278	274.569980382613	
1.965e-12  	-0.0363117784089205	-0.0329784456264588	0.998796213885918	0.90222484600095	280.881585239545	260.04557241658	
1.97e-12   	-0.0292270321483791	-0.0211172859893294	0.999349708972911	0.899777886033718	286.933666917749	242.830695555143	
1.975e-12  	-0.0345011924428747	-0.021976147447261	0.999163008053939	0.900137014554499	289.976225883661	227.385322606839	
1.98e-12   	-0.0343287105791833	-0.0248152055740014	0.999102469820934	0.900034169101044	291.00087644099	217.025458000926	
1.985e-12  	-0.0365913760929118	-0.0241821185152938	0.99903768514493	0.900911270054728	293.304636947483	214.567700486839	
1.99e-12   	-0.0381914894102271	-0.0258446472494533	0.998936166301521	0.900446896327902	295.822629282473	221.598969793418	
1.995e-12  	-0.0283254649071149	-0.0275390473259256	0.999219329732055	0.898123273673005	292.829531456158	236.215438213319	
2e-12      	-0.030731542950827	-0.0231321673786649	0.999259963723268	0.901389050393802	286.577986292151	254.50328641842	
2.005e-12  	-0.0301219166579761	-0.0243310653723109	0.999250053487463	0.89923805025665	297.699898514016	270.812432932361	
2.01e-12   	-0.0336941179232414	-0.0323774504625406	0.998907606898116	0.901743985000857	297.711501961995	281.259859071731	
2.015e-12  	-0.032317250397206	-0.0316006224316871	0.99897797572754	0.901834032865625	302.862711422758	282.332427195287	
2.02e-12   	-0.0357466169492599	-0.0327476712987948	0.998824193440061	0.901139934130075	298.225407963789	275.463536086019	
2.025e-12  	-0.0349911232944564	-0.0270435530283066	0.999021655185811	0.902478028363104	296.602359127615	260.711515120916	
2.03e-12   	-0.035454577815644	-0.0249719773713886	0.999059244118224	0.901639403598262	301.618929315529	243.186027442727	
2.035e-12  	-0.0351157565172659	-0.0239229364937072	0.999096880564512	0.896858064462143	309.165186123867	227.760842750771	
2.04e-12   	-0.0351201742016131	-0.02628413066248	0.999037395616083	0.896944998444792	314.47763768729	219.157895652992	
2.045e-12  	-0.0355867065110581	-0.0260198499102722	0.999027804282915	0.899808285797911	306.160292356729	220.808621854478	
2.05e-12   	-0.0212914755612129	-0.0250450027348344	0.99945956441791	0.901913554444324	295.585232649751	230.238828903524	
2.055e-12  	-0.0296186056921134	-0.0126440797334346	0.999481298196494	0.899348709500659	299.628202131696	246.240125806814	
2.06e-12   	-0.0266155484624006	-0.0143987849054489	0.999542038922472	0.898520707417803	305.191062611518	263.685604091174	
2.065e-12  	-0.0249265197333469	-0.00549196626217708	0.999674200387585	0.901391334024268	301.712585392655	278.063346924447	
2.07e-12   	-0.0229507502356717	-0.000526667251420017	0.999736458115451	0.903558399141039	296.982870945133	284.62724105059	
2.075e-12  	-0.0285816659583591	-0.00881461572699684	0.999552595374866	0.901669478835748	300.073718892024	282.106550729113	
2.08e-12   	-0.0254421375456828	-0.00765645202307702	0.999646975876747	0.901434668539602	291.641048450315	271.82424069096	
2.085e-12  	-0.0257314293408227	-0.00545586695617603	0.999654003673188	0.901307853906592	293.835638903672	255.955454031683	
2.09e-12   	-0.0249181093125505	-0.000603732088074727	0.999689313404847	0.903242200826184	281.679116313297	240.075432701562	
2.095e-12  	-0.0310509592522265	0.00855041833323335	0.999481229576546	0.901767537213307	293.363680479788	227.779636092266	
2.1e-12    	-0.0270073825120289	0.00989221695138379	0.999586287087631	0.903542558771915	284.401748445166	223.985022018729	
2.105e-12  	-0.0207282805515985	0.00511755563871297	0.999772048523892	0.904945310260909	280.119791122196	229.267435152996	
2.11e-12   	-0.020011478020968	0.0123494583895464	0.999723477580126	0.902466508424676	282.97166895309	241.306894018979	
2.115e-12  	-0.0145007905264988	0.0183849929082567	0.999725821968138	0.900764259121525	288.658554692896	255.781631507498	
2.12e-12   	-0.0129609416444622	0.0275716265103415	0.999535801961722	0.899605501458486	300.267141969888	270.004667251154	
2.125e-12  	-0.0141055536941387	0.0226799177517617	0.999643263712488	0.900866725258528	292.476015545453	280.36718677882	
2.13e-12   	-0.0131258748923205	0.0248965763640786	0.999603857482382	0.904858414881253	277.113989674543	283.878758158083	
2.135e-12  	-0.00906908689894373	0.0288384564188547	0.999542943096592	0.90584780527447	282.057083954633	278.278768972388	
2.14e-12   	-0.00694106321204601	0.02876365990613	0.999562140894848	0.90241370528481	289.463439112742	266.937417898712	
2.145e-12  	-8.36876865573584e-05	0.0255561048780264	0.999673385911536	0.904311544921632	288.993747625307	252.671524749125	
2.15e-12   	-0.00353575325223543	0.0296151643751338	0.999555121285451	0.903188793331331	299.503377130507	238.881869578258	
2.155e-12  	0.0007163500803243	0.027118924118758	0.999631957671024	0.90175119946363	297.894760308292	230.448776850303	
2.16e-12   	0.00456511835196018	0.02602655489901	0.999650828106755	0.899068343588662	302.165985244402	229.60788324011	
2.165e-12  	0.000642901500517151	0.0313233342267939	0.999509097212515	0.898794259590946	304.69090575896	235.719892106725	
2.17e-12   	0.00558650953085039	0.0319002590863612	0.999475444611565	0.899183699651642	304.74126403407	246.728113049486	
2.175e-12  	0.00129345400847146	0.0315821529826669	0.99950032245603	0.898420177539353	310.13723741065	260.251935917653	
2.18e-12   	0.00282217371118315	0.0264915961052779	0.999645052341749	0.900656678091491	300.348124490698	272.040642673834	
2.185e-12  	0.00832102777530403	0.0276424542671564	0.999583240765296	0.901219295638449	300.099869375019	280.237402703568	
2.19e-12   	0.0146781679912193	0.0254034328546411	0.999569515833502	0.901230726698029	303.659143536183	281.821864556622	
2.195e-12  	0.0142834252284733	0.0244673519359861	0.999598585659755	0.899875801049952	298.916780116484	275.395532594729	
2.2e-12    	0.0153309966292115	0.0276324438830274	0.999500579583327	0.900004223379745	298.423473677953	264.337784147764	
2.205e-12  	0.0193591681016429	0.0264682809742338	0.999462181732096	0.897918575415077	305.178538198702	252.397932281159	
2.21e-12   	0.0220883830633567	0.0242033297023506	0.999463006901689	0.899281138780754	303.940040930272	240.881590270627	
2.215e-12  	0.0194561952175243	0.0162441171032409	0.999678740959911	0.899714281696743	297.181394180402	234.799322954403	
2.22e-12   	0.0188900511391098	0.0238006674942083	0.999538240486472	0.898148442294426	301.940011452792	235.120771826096	
2.225e-12  	0.0255441726095334	0.0196952527452999	0.999479660756032	0.899338539931608	296.129318923743	241.01649878446	
2.23e-12   	0.0245154508683453	0.0169034826932988	0.999556534139795	0.899613394441243	305.208568493696	251.61375894668	
2.235e-12  	0.0247556366211452	0.0205383443875958	0.999482533546884	0.898415708100893	307.712726910069	263.534040637856	
2.24e-12   	0.0146814555234669	0.0172391351861207	0.999743600670566	0.899431054882127	298.866012456754	274.167474919687	
2.245e-12  	0.016436708220579	0.0238507493797299	0.999580400156434	0.899908300622627	302.9697943947	279.632398482083	
2.25e-12   	0.0211018859940273	0.0259830464317276	0.999439638850502	0.901520425674841	300.159784078095	278.216156152447	
2.255e-12  	0.0229124565297564	0.0240328276708618	0.999448569227009	0.903578331166855	294.90899108748	270.783417780822	
2.26e-12   	0.0179360168460749	0.0219344486529546	0.999598509033496	0.904566131623336	294.925372792049	261.191621135155	
2.265e-12  	0.0207887616540921	0.0206589189987968	0.999570425960417	0.90601033666271	291.578476719425	251.186100891718	
2.27e-12   	0.0184755881990919	0.025786720934434	0.999496722187795	0.906150188255363	291.456500877448	243.309295136996	
2.275e-12  	0.0183536516776162	0.025611436325323	0.999503475631501	0.906108515938686	288.945767454807	240.383054324597	
2.28e-12   	0.0164496944898936	0.0251421093402413	0.999548539036055	0.902203450623159	295.555529625508	241.917754908844	
2.285e-12  	0.0148707511124839	0.0244056185995167	0.99959152984713	0.901417960843056	304.554598294407	248.778503871114	
2.29e-12   	0.0132371440659908	0.0186854999343068	0.999737780675103	0.900250693421314	308.659118838446	259.42136810562	
2.295e-12  	0.013926933976714	0.0189508506967523	0.999723414634207	0.903732796835324	299.78591562588	269.316418654686	
2.3e-12    	0.0172515256408085	0.0171113254951384	0.999704750115185	0.901944653511157	303.757923439671	275.395562686834	
2.305e-12  	0.01923836238556	0.0124473954468604	0.999737439410624	0.903703798144476	294.823131419777	277.795412469303	
2.31e-12   	0.0209124311124867	0.0179570315477244	0.999620035434944	0.905173897260007	292.68523105743	274.240413913088	
2.315e-12  	0.0181342479041769	0.0164623930522612	0.999700024341273	0.904234732835907	294.144904350639	267.567971670384	
2.32e-12   	0.0187998984441161	0.0190340664195079	0.999642070010075	0.904098838263419	294.851251037466	259.070300764896	
2.325e-12  	0.0167428596658473	0.023269107073496	0.999589028204197	0.90343784068511	297.105359586699	250.206600114654	
2.33e-12   	0.0160986110983411	0.0216403492627485	0.999636198826598	0.903818263822481	299.284773472891	244.346650223789	
2.335e-12  	0.0193017015620097	0.0262327384742997	0.999469503161027	0.902652788392192	299.320986720763	243.854505785555	
2.34e-12   	0.0288707964318823	0.0249882013632819	0.999270767563035	0.901268637628579	300.588288440331	247.01955513985	
2.345e-12  	0.0303735234316634	0.0230040942127212	0.999273866727134	0.900972092805378	303.158032829457	254.163459148935	
2.35e-12   	0.039419938992575	0.0250445569172598	0.998908823956741	0.903733174776811	297.777958976587	262.474165147364	
2.355e-12  	0.0353187970839012	0.0264356848270573	0.999026394616414	0.902972200981841	298.458626693443	269.061788043137	
2.36e-12   	0.0327115237130311	0.0219589135730187	0.999223579751331	0.902789927151513	300.768253561568	273.689469130574	
2.365e-12  	0.030406619788226	0.0236463262580404	0.999257868984554	0.900746020883789	311.450742909353	274.697572163009	
2.37e-12   	0.024859062559445	0.0188996581871222	0.99951229603696	0.901490398961378	305.291211685918	271.423862132491	
2.375e-12  	0.0244538699494216	0.0193259124367996	0.999514140646835	0.899430785115132	305.81566396824	265.213896739503	
2.38e-12   	0.0222680261789439	0.020231362652747	0.999547311023999	0.900801352470646	300.43288311846	259.144780236138	
2.385e-12  	0.0227134981822724	0.0201199459887993	0.99953953637349	0.89992155243303	301.995618789143	253.452348779702	
2.39e-12   	0.0224421947323041	0.0230001425881199	0.999483537301402	0.900076631477445	303.151969508042	251.228302240514	
2.395e-12  	0.0196161979752677	0.0196707177616392	0.999614059344774	0.90090175002693	298.822777906268	251.364212645231	
2.4e-12    	0.0158629309572971	0.0201650875246838	0.999670814151622	0.90108947266153	296.159400746161	254.693382063105	
2.405e-12  	0.00881465896982992	0.01912258213617	0.999778289742126	0.9045870309269	286.076921646879	259.970884788563	
2.41e-12   	0.00882881235042818	0.0226229637900962	0.999705083302987	0.899091698497661	297.755543790554	264.842340673578	
2.415e-12  	0.00509606445051355	0.0176033321468332	0.999832062310688	0.901470005833644	294.366091801833	269.575549707596	
2.42e-12   	0.00524130726609465	0.0202093510101189	0.999782031659847	0.904668321398019	292.803641858875	270.960940533696	
2.425e-12  	0.00272774430679686	0.0214891097926765	0.999765361257988	0.903912937440563	292.440996783203	270.630840385712	
2.43e-12   	0.00741931554702293	0.0195829666207595	0.999780706542762	0.902697767364457	287.279033251942	267.935114552261	
2.435e-12  	0.00261446488274309	0.0310579529126281	0.999514166049813	0.90246124545011	289.078963015655	264.359368510949	
2.44e-12   	0.00717833638108456	0.0333949302235839	0.99941645479858	0.898903896431968	296.924325364712	259.495107395877	
2.445e-12  	0.0188348194043688	0.0221780364490405	0.999576602505916	0.899198502440788	294.562735404413	256.378021806934	
2.45e-12   	0.0290228016210212	0.0209706865033516	0.999358748044788	0.899165802914899	303.124491327726	255.142984911677	
2.455e-12  	0.0322947388766836	0.0125135163087172	0.999400050905781	0.899041902509189	299.863406876928	256.93979978924	
2.46e-12   	0.03567953980897	0.0282976913117565	0.998962567419543	0.898909753848608	301.599485832056	260.577535811111	
2.465e-12  	0.0319734216617366	0.0277712251959912	0.999102827219678	0.897241955844182	302.334630612925	264.869233589974	
2.47e-12   	0.0375441827062389	0.0265170790512559	0.998943080892755	0.895433133882413	311.291130347707	268.75956900035	
2.475e-12  	0.0349503653638195	0.0232789958494652	0.999117891098531	0.898651518107406	292.804226988529	270.742778513319	
2.48e-12   	0.0346828080345104	0.0236672549232715	0.99911809305569	0.899243094723487	296.037488212462	269.984569073533	
2.485e-12  	0.0271931568714186	0.0219128722538852	0.999389993070248	0.89805571001186	300.968445745432	268.265665595694	
2.49e-12   	0.0201452283920437	0.0304429883287337	0.99933347498953	0.899902606650987	291.522889632896	263.988031322943	
2.495e-12  	0.0220564551370433	0.0385233204874415	0.999014247428639	0.895988629700986	304.187323357399	260.687901405397	
2.5e-12    	0.0221366649342767	0.0409253638415495	0.998916954836599	0.896879145724864	299.755364081379	257.787402759024	
