#----------------------------------------------------------------------------------------------------------------------------------------------------------
# Output file for vampire simulation
#   time       : 2024-05-07 09:49:26     process id : 64674
#   hostname   : UOY22M030
#   path       : /Users/mss555/Dropbox/vampire_github/vampire-mara
#   version    : 6.0.0
#   githash    : 71852b58f5ad0177f16cc65dce29044e3213d846
#----------------------------------------------------------------------------------------------------------------------------------------------------------
5e-16      	-0.000608211189625126	0.00190447067477602	0.999998001533302	0.996586394127767	14.7964003312018	0.174857058628579	
1e-15      	0.000676290795670892	0.00310004439527163	0.999994966165084	0.99357502527976	27.761815257318	0.349144503393894	
1.5e-15    	0.00190794693366254	0.00173602699505351	0.999996672968851	0.990212850479075	42.1095252264778	0.528443107252475	
2e-15      	0.000148790602481182	0.00210071089626123	0.999997782435085	0.987122838568498	55.1471603089595	0.699901405404196	
2.5e-15    	0.000425255309274074	0.00477930058074979	0.999988488655685	0.984298301979492	67.0932075243925	0.872440095201738	
3e-15      	-0.00106174446200014	0.00296343599113159	0.999995045360638	0.981550929392112	78.192663910814	1.04432081122954	
3.5e-15    	-0.0008300369654886	0.00226165454015922	0.999997097974478	0.979094801433145	88.4852268685931	1.23219243101238	
4e-15      	-0.00124681069727926	0.00455360072200105	0.99998885502967	0.976205513545771	99.9859602187827	1.37885313529437	
4.5e-15    	-0.00135451839732929	0.00546704689350323	0.99998413821329	0.97440275012889	107.01803720746	1.54945750091729	
5e-15      	-0.000817509617063712	0.00732350099868624	0.999972848636976	0.972122185156541	115.38523060474	1.70116836702884	
5.5e-15    	-0.002294886123584	0.00634689101773716	0.999977224976694	0.970096140029403	123.450826430734	1.90489936459054	
6e-15      	-0.00363617952243362	0.00417198692697011	0.999984686244525	0.968054303759313	131.08370971472	2.09459045369093	
6.5e-15    	-0.00444028852100046	0.00322147034519975	0.999984952870125	0.966061143442637	138.182499795779	2.25055286126375	
7e-15      	-0.00535530972615967	0.00380663266667482	0.99997841486978	0.964175067131616	145.348282695845	2.42738478237691	
7.5e-15    	-0.00319812995314795	0.00687645074305015	0.999971242781502	0.963244806131138	148.485039244017	2.5809330842394	
8e-15      	-0.00227347227544198	0.00464974147498442	0.999986605524308	0.9618037444115	153.608352739937	2.73397269630078	
8.5e-15    	-0.00424295767735295	0.00381766549054159	0.999983711237513	0.95956397315891	162.201625911008	2.88305999874412	
9e-15      	-0.00416426278362523	0.00464294038208974	0.999980550820903	0.958043294475082	168.520384718253	3.01688109596851	
9.5e-15    	-0.00341939743299249	0.00348359574860442	0.999988086069957	0.955704133722902	177.141691966187	3.15501597885947	
1e-14      	-0.00196238439089224	0.0052875182989416	0.999984095472393	0.954289321998836	182.856285280428	3.2913639665981	
1.05e-14   	-0.00222694915808496	0.00686905584715553	0.999973928044735	0.953365165977421	185.725051813323	3.44407436675245	
1.1e-14    	-0.0034898298437055	0.00669229335024862	0.99997151674304	0.95179658983786	190.677295985842	3.55666876550983	
1.15e-14   	-0.00400452601756458	0.00507125346574089	0.999979122861903	0.951092371751663	193.810906099104	3.67873325567659	
1.2e-14    	-0.0058355816441509	0.00442242939668598	0.999973193693264	0.950239946041373	197.195921583173	3.77037333406439	
1.25e-14   	-0.0058109533929552	0.00434857161606664	0.999973661025912	0.949142266214136	200.379599209463	3.88778466378191	
1.3e-14    	-0.00617927106005199	0.00716774186165665	0.999955219040218	0.948152593729235	202.631860754001	3.9805572459949	
1.35e-14   	-0.00421052852649699	0.00751155518357237	0.999962923306785	0.947258656162263	206.032340397201	4.10237247632189	
1.4e-14    	-0.00438902003471519	0.00768035638740184	0.999960873549009	0.946740493085699	208.085075516671	4.1806739095533	
1.45e-14   	-0.00533475395686063	0.00831691100104974	0.999951183504285	0.946063578379283	210.295125078019	4.2743922378083	
1.5e-14    	-0.00605909247131247	0.00920556511186106	0.99993927064067	0.945716251758508	212.071938178769	4.35806948272258	
1.55e-14   	-0.00760657922696157	0.00769643763473126	0.999941450686088	0.944417682829981	217.234403214521	4.44079049833626	
1.6e-14    	-0.00676418563413485	0.00713034635709713	0.999951700810362	0.943355179774529	220.667308770487	4.5241241030348	
1.65e-14   	-0.00901303689544058	0.00801034595236977	0.999927297118968	0.942584646282636	223.769067698332	4.61749117344779	
1.7e-14    	-0.00923590613824005	0.00692122702091224	0.99993339510906	0.941421885963111	226.856708814848	4.68467967207579	
1.75e-14   	-0.0082035687855692	0.00562238295732681	0.999950543911578	0.940548199386761	230.20125963106	4.72505134770026	
1.8e-14    	-0.00802477836003644	0.00730951559276942	0.99994108522156	0.939539340827513	232.975696599033	4.85010577534852	
1.85e-14   	-0.00771781766231327	0.00885156766799002	0.999931040142444	0.938785364171152	236.029994517827	4.88584299062454	
1.9e-14    	-0.00820726231415688	0.0087770131863382	0.999927799835985	0.938677612053756	236.920424610501	4.95685266829204	
1.95e-14   	-0.00706197321623787	0.00686412544870015	0.999951504982175	0.938202729085127	236.992689475041	5.00256055282327	
2e-14      	-0.00611560471976718	0.00705990437003268	0.999956377613142	0.937773552412747	236.898539123696	5.01856465437393	
2.05e-14   	-0.00594827733939324	0.0062050730817095	0.999963056849974	0.936977149141238	239.558219588535	5.06917696696059	
2.1e-14    	-0.00658895472711663	0.00542023345137463	0.999963602710087	0.936808643382668	240.33085686341	5.09584561051575	
2.15e-14   	-0.00781640435254345	0.00790359182022563	0.999938216621075	0.935706263975474	243.301449350073	5.1262654560195	
2.2e-14    	-0.00761817223238819	0.00795271229817117	0.999939357070688	0.93500067367246	242.20136586341	5.10491635004445	
2.25e-14   	-0.00981545451772937	0.00659652413503295	0.999930068915795	0.933108439647761	245.781784113454	5.15441951302257	
2.3e-14    	-0.0114642958871714	0.00432724502388841	0.999924919616625	0.93137923981724	249.768291443153	5.14809704387368	
2.35e-14   	-0.0116406938788821	0.00452890291179592	0.999921988599327	0.930763865628291	250.239376142534	5.11296106276371	
2.4e-14    	-0.0114032764522247	0.00527051752363523	0.999921090352227	0.930139535910097	251.042892193416	5.10355554306803	
2.45e-14   	-0.0143856067206655	0.00517513540062662	0.999883129317054	0.930091966716462	252.121662514613	5.16363627595067	
2.5e-14    	-0.0147088974014708	0.00237455644228683	0.999888998748829	0.930456034269611	251.194429733741	5.14397270692528	
2.55e-14   	-0.013610879791637	0.0011454725127321	0.999906711570645	0.929356800062633	255.251667060088	5.10397260434194	
2.6e-14    	-0.0142283958334059	0.0025014071192586	0.999895642411963	0.92897274439148	255.499317288602	5.08261823037762	
2.65e-14   	-0.0121835355782344	-0.000339501055297418	0.99992572034119	0.928106984452343	256.869705593564	5.06737533277221	
2.7e-14    	-0.0116035391337194	-0.00178019302152496	0.999931092022034	0.926843207652103	261.358190241504	5.04751259351331	
2.75e-14   	-0.0117217061120382	-0.00152432992931892	0.999930136571595	0.926042771126358	261.668533527626	5.03367752372159	
2.8e-14    	-0.011932431336686	-0.00136393295082078	0.999927875783699	0.925264036165128	264.566838289721	5.02782963588713	
2.85e-14   	-0.0124479632947939	-0.00220484367642307	0.999920090244302	0.924101109316129	266.318863842869	5.02104465104081	
2.9e-14    	-0.0120427549812322	-0.00148976123403033	0.999926373621542	0.92355517504097	267.093550679531	4.98319821363292	
2.95e-14   	-0.0115623809178079	-0.00284821401021506	0.999929096998614	0.923133811056182	267.585652360213	5.00363701553091	
3e-14      	-0.00999715031974024	-0.00295497874355181	0.999945661066695	0.922514831348824	268.173681466923	5.01738468250047	
3.05e-14   	-0.00989138320672347	-0.0054860668356204	0.999936029758371	0.921657077834628	270.417674405135	5.01830027993912	
3.1e-14    	-0.0101106208292314	-0.00295831028484097	0.999944510333801	0.921557576691582	270.17684018065	5.01009515672323	
3.15e-14   	-0.0134145105740753	-0.00460395625204394	0.999899422188496	0.921448393023467	269.608000842809	5.00360311038603	
3.2e-14    	-0.0140793299683945	-0.00187891741459816	0.999899115979702	0.920381234027818	274.447926382409	4.99722779073943	
3.25e-14   	-0.0156605946453398	-0.000716200524189016	0.999877108864966	0.920202042767339	271.700567636321	5.00806378498817	
3.3e-14    	-0.0172346126641451	-0.000108317652299255	0.9998514671658	0.919659923275056	272.168833309655	5.0247824579052	
3.35e-14   	-0.0187198716547466	0.000818296633827077	0.999824432986036	0.919338958258387	272.343172910609	5.02599920475028	
3.4e-14    	-0.0179482977682671	0.0031613547157116	0.999833918430248	0.918339279020974	275.351978251795	5.0761497025928	
3.45e-14   	-0.0175787918186522	0.00347983122364086	0.999839425534346	0.917663499780347	275.286653300383	5.08546911037471	
3.5e-14    	-0.0170689515630059	0.00393544767940736	0.999846569801638	0.917213832371336	277.708880972073	5.11309336771663	
3.55e-14   	-0.0154287525522148	0.00158262536829325	0.999879717211839	0.917091103120271	279.415567133818	5.1243007638005	
3.6e-14    	-0.0156226561419432	0.00268975018612923	0.999874341034416	0.916462570999488	281.815705415358	5.20429370008292	
3.65e-14   	-0.0137172375189362	0.00236002983567345	0.99990312913503	0.915476271446739	286.145774726069	5.23476941246818	
3.7e-14    	-0.0161219451209652	0.00329256811902319	0.999864611775363	0.915613954823983	286.1175872415	5.29585381247849	
3.75e-14   	-0.016036631374013	0.00186067909713712	0.99986967367126	0.915252547165759	285.854818591623	5.33652455555829	
3.8e-14    	-0.0163242609314574	-3.72771507849003e-05	0.999866749679904	0.915141486956986	286.527935327377	5.39267965511639	
3.85e-14   	-0.0173865549539968	0.00176804214880426	0.999847279205075	0.914602001457236	287.929195134525	5.46933982883832	
3.9e-14    	-0.0173144662375385	0.000360831038516012	0.999850028284178	0.913951290400269	290.816019961051	5.53280303722071	
3.95e-14   	-0.0153311467596804	-0.000738814188968028	0.999882198107671	0.914544249804171	287.77582997929	5.59932985193951	
4e-14      	-0.0145775476213846	-0.000898232909658508	0.99989333845315	0.914289253563894	288.845611658102	5.64616944241068	
4.05e-14   	-0.0138841697401782	-0.00100412004871617	0.999903106092562	0.91383117741306	290.852015120696	5.7130158926968	
4.1e-14    	-0.0157844926760373	-0.00210075566765389	0.999873210270475	0.914398356187669	289.632782912226	5.84029392091378	
4.15e-14   	-0.0159720602590963	-0.00267775747061066	0.999868852853217	0.914031819848671	290.769713058171	5.939320398907	
4.2e-14    	-0.0156066123341595	-0.00284168989650283	0.999874171308562	0.914245373011995	289.606061139165	5.95807210978966	
4.25e-14   	-0.0148659598526568	-0.00206468669750321	0.999887363809794	0.913553813414872	289.960854659849	6.03110494401988	
4.3e-14    	-0.0151135448046506	-0.00094394449106266	0.999885338292464	0.9138508910896	288.888651764667	6.09679499925274	
4.35e-14   	-0.0133413735420059	-0.00196876852058175	0.999909061716377	0.914518599568498	287.341292079906	6.16907781638977	
4.4e-14    	-0.0157551254609967	-0.00127902415767497	0.999875062254736	0.914290565959728	289.286233115062	6.26369994832274	
4.45e-14   	-0.0153484052086312	0.0005151999154914	0.999882073559977	0.914214180207124	288.53315340451	6.34798664039714	
4.5e-14    	-0.0139950657650744	0.00177929344835964	0.999900481172529	0.913041167983805	290.448424431129	6.44257749533758	
4.55e-14   	-0.0145081377170091	0.00305512662331536	0.99989008402989	0.912299952758029	292.747037369036	6.55569168098844	
4.6e-14    	-0.0138392946069308	0.00452022770044084	0.999894015116762	0.912333772258596	291.3700959288	6.66015486331297	
4.65e-14   	-0.0130145892458889	0.00386032272069392	0.999907854942271	0.912779703172909	289.831866967389	6.79866044584428	
4.7e-14    	-0.0119896671840772	0.00441252230050663	0.999918385433413	0.911973156324572	291.570948102735	6.89366320111074	
4.75e-14   	-0.0145961494516706	0.00441208844620754	0.999883736189727	0.911326247936491	291.82823221054	7.0130643452491	
4.8e-14    	-0.0136445831547846	0.00531942899134099	0.999892758762528	0.910418892840655	295.79689767498	7.11506245264726	
4.85e-14   	-0.0114022580759361	0.00894073031755985	0.999895020415723	0.911789968658109	290.964009962127	7.24410084351397	
4.9e-14    	-0.0108249499496633	0.00804636079579094	0.999909034130871	0.911753689645976	289.364814914192	7.38135263117376	
4.95e-14   	-0.00894063872325081	0.00803217574241857	0.999927771957587	0.910821279393415	292.242456041514	7.5272678253049	
5e-14      	-0.00906995420372597	0.00877975236526939	0.999920322765343	0.910519682809535	294.395577501726	7.62291605302643	
5.05e-14   	-0.00938015286065086	0.00978612625448696	0.999908118011471	0.910550523607083	295.31278489713	7.79753131355561	
5.1e-14    	-0.00822816563286207	0.0107877517178456	0.999907956615604	0.910520904067386	294.856424614239	7.96540468923617	
5.15e-14   	-0.00618809537813682	0.0104027183236677	0.999926742780225	0.910518105611369	294.173844173637	8.08785918672982	
5.2e-14    	-0.00615624049236115	0.0107066592821003	0.999923731166541	0.910714871601613	293.618179415228	8.20498552872668	
5.25e-14   	-0.00475812130281647	0.0118802580395811	0.999918106522019	0.910441829010405	293.466818962423	8.35653301138375	
5.3e-14    	-0.00454099173112285	0.0140242172182208	0.999891344459744	0.910474343007054	293.374144648191	8.54344755789116	
5.35e-14   	-0.00432577901571842	0.0154306309179756	0.999871583387277	0.909513417379769	293.79481964649	8.7058942055541	
5.4e-14    	-0.00496543220956472	0.0150797470316319	0.999873964913796	0.908404517340819	296.295364745939	8.83369584837743	
5.45e-14   	-0.0046699129618805	0.0131650293747589	0.999902432197507	0.909068021780203	293.647444663694	9.01364791126497	
5.5e-14    	-0.00641750559152997	0.0148607685085192	0.999868978007278	0.908809816666616	293.356988757197	9.2002358995103	
5.55e-14   	-0.00534110228055903	0.0135714950838067	0.999893637917363	0.908986890997045	291.781632206759	9.39243847867846	
5.6e-14    	-0.00637282042384016	0.0147311838387274	0.999871181394161	0.909250737521266	291.990560100813	9.55597853716401	
5.65e-14   	-0.00724953123481376	0.0155218922211384	0.999853246811126	0.910213933150016	288.473705974694	9.73412668466243	
5.7e-14    	-0.00625972111138649	0.013453228522173	0.999889907206757	0.910024061065977	288.748481445433	9.95929647873248	
5.75e-14   	-0.00454773123224285	0.0111712151327592	0.999927258400878	0.90950086557306	290.85673076819	10.1365893678282	
5.8e-14    	-0.00206477048772407	0.012175373650023	0.99992374559229	0.910198216970327	287.108445143518	10.2149184321089	
5.85e-14   	-0.00447699541599615	0.0133059604742317	0.999901449107812	0.909818449282925	287.545970962321	10.3834158078519	
5.9e-14    	-0.00318776163064882	0.0129527065640571	0.999911028826291	0.910120579224149	286.324131069897	10.5642684749081	
5.95e-14   	-0.00339892524747051	0.0120166383163531	0.999922020814991	0.909680669800224	288.197942632814	10.6635726183773	
6e-14      	-0.00229795864145621	0.0118553565167628	0.999927082295476	0.909359797626933	289.670012713865	10.81163701149	
6.05e-14   	-0.00367374018302387	0.0123792687904254	0.999916625192962	0.90906143091951	289.071415872173	10.9013591988118	
6.1e-14    	-0.00283270665128944	0.0111641606290861	0.999933666445168	0.908816108360248	288.880708884712	11.1276089090253	
6.15e-14   	-0.00328205815539329	0.0114278509836619	0.999929313659801	0.908879349237011	286.77190007768	11.3128657026383	
6.2e-14    	-0.00130201000408444	0.0120214571268029	0.999926891996859	0.908068194695044	289.717003495445	11.4429191721834	
6.25e-14   	0.00144795265223874	0.0119682965138855	0.9999273290153	0.907063591452864	290.937163472739	11.614093557399	
6.3e-14    	0.00183907560766296	0.0125696695786203	0.999919307348145	0.906098508604632	295.88789662024	11.7096291343982	
6.35e-14   	0.000769098332860583	0.0148580243725909	0.99988931767446	0.906185181352085	294.746190967529	11.7992209898712	
6.4e-14    	-5.57464471111077e-05	0.0142359724166483	0.999898661856133	0.906607707663119	294.361016686305	11.8615800133842	
6.45e-14   	-0.000667410945403097	0.0132306265368189	0.999912248691891	0.906553924915894	294.724802861233	11.9305741938332	
6.5e-14    	-0.000156546872520788	0.0128834593689654	0.999916992538763	0.905378236140402	300.201243208847	12.0982164904027	
6.55e-14   	0.000981191907760654	0.0109749475743832	0.999939292051362	0.90548731743207	299.540504592783	12.2189041459746	
6.6e-14    	0.0010811130106551	0.0121296863983465	0.999925848202023	0.905985968146086	298.080668042025	12.3884369472314	
6.65e-14   	8.74168617677981e-05	0.0122075942057381	0.999925480724439	0.906091728138872	298.47433637567	12.5086179444484	
6.7e-14    	0.000144756367490587	0.0139069767965077	0.999903282843884	0.907233668913432	293.911840928636	12.6561284526272	
6.75e-14   	0.00195849337605086	0.0123077314269705	0.999922339009794	0.906488651642056	296.92894181061	12.7832376379989	
6.8e-14    	0.002806170349917	0.0130406318868093	0.999911029706123	0.907636529864076	293.415334637595	12.8700929909108	
6.85e-14   	0.00147797488267268	0.0128248393885668	0.99991666607018	0.907707613947917	292.342924037525	12.9891633059797	
6.9e-14    	0.00322541985700044	0.0123412802053018	0.999918641425211	0.908110481370667	288.806218201823	13.1427516518788	
6.95e-14   	0.00249971321450124	0.0116150575249947	0.99992941844539	0.907834906252589	287.65678146894	13.2128885379984	
7e-14      	0.00251415627028638	0.012389291263058	0.999920089047244	0.908560962216016	286.205997980641	13.2951382455197	
7.05e-14   	0.00262557724488226	0.0128746807381684	0.99991367074364	0.907642422949942	289.432663937466	13.4220787391734	
7.1e-14    	0.00450404589208355	0.012560620826191	0.999910968224203	0.907402349490622	289.268771415939	13.5018664561467	
7.15e-14   	0.00457620653423678	0.0148531661903122	0.999879213599262	0.907583594648946	289.378335253387	13.5592890981676	
7.2e-14    	0.00573287690889872	0.0155083058787374	0.999863303942653	0.907518970586154	288.827725172033	13.6565749807227	
7.25e-14   	0.0071180282158938	0.0153281974464442	0.999857179819878	0.907435998615459	289.37714885572	13.7382778550174	
7.3e-14    	0.00900431769583565	0.0140268253482032	0.999861075566743	0.907338023789181	287.947189006681	13.897587167926	
7.35e-14   	0.00966687376989833	0.0149222559451036	0.999841926420885	0.907480528286678	285.466561003558	14.0157305234989	
7.4e-14    	0.00976427352922784	0.0155712924291463	0.999831082640729	0.908404829941021	282.333942346244	14.1070990923546	
7.45e-14   	0.0101111582741416	0.0177762052999701	0.999790863632734	0.90765997994384	284.257328654952	14.143755362361	
7.5e-14    	0.0110147846575625	0.0172331406920632	0.999790824813288	0.907730137364267	284.880522468811	14.2527570446545	
7.55e-14   	0.0117292445583266	0.0172778478809813	0.999781926619347	0.906521648147065	289.090647612959	14.2862509201486	
7.6e-14    	0.013232820875521	0.0178634851315118	0.999752863637125	0.907085647618868	289.528717693746	14.3768651623162	
7.65e-14   	0.014530696174735	0.0174279543689045	0.999742529492065	0.906732082700822	292.976943268356	14.4029896855924	
7.7e-14    	0.0152399509689075	0.0194044039755232	0.999695560158602	0.907632926331521	289.939015347938	14.5467473769179	
7.75e-14   	0.014492250117073	0.0178670123996728	0.999735337254043	0.907441565470685	289.936826186345	14.56192766893	
7.8e-14    	0.014528890022517	0.0191777195685822	0.999710521314477	0.907568369288246	289.86908737506	14.584278605271	
7.85e-14   	0.0152112069911988	0.0196267751039918	0.999691656902711	0.906926551559903	293.32708968543	14.6263345065548	
7.9e-14    	0.0154052883868614	0.0206044998126152	0.999669011061756	0.906671706710947	295.376102371402	14.7254756347733	
7.95e-14   	0.0154395588990823	0.022227879949429	0.999633703600452	0.907002635829807	293.619273236992	14.7829943735498	
8e-14      	0.0155844976763775	0.0189905181672857	0.999698196283215	0.906560889865192	294.786945042968	14.8151570158275	
8.05e-14   	0.0138468429731291	0.0182123131981659	0.99973825403835	0.905548804198899	296.760386574551	14.8816531853898	
8.1e-14    	0.014566364377611	0.0171012801000526	0.999747651784068	0.905772085605336	296.80519630117	14.8503013511981	
8.15e-14   	0.0136743885099154	0.0161089189890466	0.99977673198964	0.905892873873502	295.243785494321	14.8388997011584	
8.2e-14    	0.0120695462314214	0.019321630561465	0.999740466644326	0.905978010968669	292.371160926446	14.8882265811976	
8.25e-14   	0.0106251785606406	0.0174264626278488	0.999791690293951	0.905163944450401	295.609561513178	14.8383982890371	
8.3e-14    	0.0109235387658974	0.0200068335625771	0.999740167699402	0.905278500775956	295.473729298121	14.8782071146041	
8.35e-14   	0.00848855515877263	0.0206798160034683	0.999750113599083	0.904810851667566	298.201187793291	14.8647103340995	
8.4e-14    	0.00809353398448062	0.0234972476439445	0.999691139332945	0.904187989205261	299.271209915427	14.8113422566177	
8.45e-14   	0.00792361806769002	0.026690883335672	0.999612331368256	0.90377589494701	301.593291791385	14.8517168262441	
8.5e-14    	0.00539881583388314	0.026737001808677	0.999627923540492	0.902957170422803	303.946695940404	14.9186070137371	
8.55e-14   	0.00581166716619115	0.0250918697527942	0.999668256271578	0.902808687216706	303.54240220762	14.9898560941458	
8.6e-14    	0.00254650805825866	0.0240697956635306	0.999707037203112	0.90274722637568	304.802487482761	15.0056120621439	
8.65e-14   	0.00477167293150842	0.0229654812366526	0.999724871056534	0.902300513091908	302.727239648492	15.0009308305174	
8.7e-14    	0.00291180882489614	0.0212267491836805	0.999770446896917	0.902187637158672	302.72259195919	15.0662159074027	
8.75e-14   	0.0042841969379243	0.020975469622556	0.999770811401648	0.902099297264111	303.306315284879	15.1224551187797	
8.8e-14    	0.00610657938715822	0.0191186586938991	0.99979857300255	0.902714680705862	298.804733626887	15.153726087499	
8.85e-14   	0.00600583864522849	0.0201185061819534	0.999779563509464	0.9029434560021	298.652050525718	15.1437359817107	
8.9e-14    	0.00692715141805064	0.0187057341685132	0.999801035247738	0.902064723100457	301.829978809873	15.1757693037517	
8.95e-14   	0.00711609772413635	0.0168619567529775	0.999832503756325	0.903061950425716	298.78779428222	15.1960282714974	
9e-14      	0.00790020182905583	0.01560112419198	0.999847084175879	0.902987502218668	300.516990576093	15.2131059083359	
9.05e-14   	0.00934189953060267	0.0157143610523766	0.999832879920377	0.902566845489038	302.287271557474	15.2336553565124	
9.1e-14    	0.00927152757986468	0.0136039339357827	0.99986447669562	0.903386697458138	301.667403301231	15.2385636238211	
9.15e-14   	0.0114409489066649	0.0124291568368363	0.999857300192603	0.903666700078329	298.447632238022	15.3000581991664	
9.2e-14    	0.0106762577508713	0.0142506278738703	0.999841455994718	0.903967349541063	297.248883609886	15.354231384377	
9.25e-14   	0.0116223538691663	0.0139563452770654	0.999835057055436	0.903190408605707	296.234224513174	15.356830648772	
9.3e-14    	0.0136048527673119	0.0149495280678987	0.999795688924356	0.903779071021845	295.934586061523	15.4481595046021	
9.35e-14   	0.0151309464674664	0.017412644549114	0.999733891727596	0.904814053376818	295.122570897341	15.5705336210459	
9.4e-14    	0.0140704560484757	0.0152724794793525	0.999784363569035	0.904383968001851	296.790635955114	15.6181543935746	
9.45e-14   	0.0163089070342248	0.0156026975332402	0.999745255243072	0.904918916993227	293.517877858216	15.6867247140222	
9.5e-14    	0.0196482263102514	0.0137458472699023	0.999712458102676	0.905287373840057	292.092817909058	15.7310018688467	
9.55e-14   	0.0200520781501071	0.0142654739308543	0.999697159351466	0.905622936795881	289.555932047604	15.7494571831735	
9.6e-14    	0.0205869349167093	0.0152906317817815	0.999671133268561	0.905594085116852	292.085915741967	15.7582837869118	
9.65e-14   	0.0183024131221668	0.0165625461400845	0.999695305450247	0.90432097892187	294.728401012202	15.8066031039175	
9.7e-14    	0.019440866547311	0.015547306996972	0.999690118963387	0.90390788404008	297.033608850522	15.9118798982866	
9.75e-14   	0.0214226913902931	0.0157296052343783	0.999646761517671	0.904047506467346	297.778542296997	16.0153391641164	
9.8e-14    	0.021373455740392	0.0143615274793989	0.99966840598179	0.903545283293098	301.573327302211	16.0683484118149	
9.85e-14   	0.0234046696007465	0.0125785389443126	0.999646938573268	0.903385277467329	302.331445966576	16.099077635937	
9.9e-14    	0.0223262428453262	0.0113268982780305	0.999686571009039	0.903150051628726	303.147195809595	16.1928708267489	
9.95e-14   	0.0228555124292695	0.00867538800196004	0.999701136937741	0.903360832736365	301.861193121962	16.2464589443794	
1e-13      	0.0234269427182908	0.00642013031982039	0.999704936609573	0.903076249919359	302.384157310606	16.4450878836149	
1.005e-13  	0.022856738509155	0.00518739869074602	0.99972529246766	0.904135940014689	298.857195948092	16.5455427210923	
1.01e-13   	0.0236501731604034	0.00283588971022558	0.999716273269088	0.903847103184947	300.885288032563	16.6388996225257	
1.015e-13  	0.0234538498862471	0.00174693015539837	0.999723394324923	0.903740421077129	300.720743097606	16.7153356230556	
1.02e-13   	0.0256000345617105	0.00337331696478947	0.999666573895063	0.903354605286504	303.231255421704	16.8392282374304	
1.025e-13  	0.0259509273957793	0.00323677067935635	0.999657977851859	0.903619894701787	301.716830315174	16.9666858252532	
1.03e-13   	0.025690723397123	0.00417855217274448	0.99966120582579	0.902901232081044	301.616838141715	17.082254130245	
1.035e-13  	0.02664747154444	0.00129747303223002	0.999644051062186	0.903715082011833	297.838625020741	17.2373696603764	
1.04e-13   	0.0270658730289517	0.000634012994289266	0.999633451093301	0.904095075740598	296.178065805919	17.3419843804478	
1.045e-13  	0.0282294172256616	0.000779934994546276	0.999601166318099	0.904239746500393	295.166988530961	17.4660310797522	
1.05e-13   	0.0334063467798584	-0.00144056989777043	0.999440814032123	0.904329661742461	297.320514642506	17.5847938751774	
1.055e-13  	0.0295666105033366	-0.00202345979967538	0.999560764112809	0.903909706210402	298.340532913899	17.6953246569418	
1.06e-13   	0.0299350353079504	-0.00496183363990089	0.999539530918133	0.903588790776779	299.613132358893	17.81178066194	
1.065e-13  	0.0294303851506586	-0.0052287842389997	0.999553156287981	0.904449623220632	294.33574443434	17.9162960483484	
1.07e-13   	0.0272083481240603	-0.00257540511539487	0.999626466776891	0.904880039682284	294.290870824206	18.136481055251	
1.075e-13  	0.0271466616453266	-0.00413485413494938	0.999622909772879	0.904222873104146	297.093045791479	18.1921830814059	
1.08e-13   	0.0276986080882078	-0.00394362889345691	0.999608540830423	0.903435139402226	299.827385601589	18.248786817648	
1.085e-13  	0.0263050660934889	-0.0060117248738112	0.999635885041078	0.904493083237218	297.524752415722	18.380899639451	
1.09e-13   	0.0250835074119751	-0.00760338013951953	0.999656444117862	0.904822980443975	297.618773508596	18.5646426456082	
1.095e-13  	0.0269754910472421	-0.0075440820820617	0.999607627876208	0.904771012689838	298.962257201514	18.6380537039157	
1.1e-13    	0.0276309088414793	-0.00696877541243582	0.999593902065156	0.90501414959329	298.382366466471	18.7964950186749	
1.105e-13  	0.0251736237613325	-0.00623881147123226	0.999663626375467	0.904956560246562	298.802785163438	18.9661830329374	
1.11e-13   	0.0257479565255376	-0.00697506435848828	0.999644132285062	0.905057534612184	298.163945660636	19.0106468605925	
1.115e-13  	0.0251875136844523	-0.00702348793284693	0.999658071428252	0.905458000537674	297.548799723311	19.1283383855064	
1.12e-13   	0.0268536949347992	-0.00746101072863868	0.999611530739445	0.904786317990956	301.90929943405	19.2801981998321	
1.125e-13  	0.0249048551255836	-0.00604258312489859	0.999671563754993	0.904159483228364	303.183052693239	19.3682826951308	
1.13e-13   	0.0275868394873383	-0.00603791621188318	0.999601175396927	0.904377704649855	302.38384100472	19.528207544982	
1.135e-13  	0.0264572382226352	-0.00751807443138118	0.999621674986329	0.904288573674382	304.322068212007	19.6619339646478	
1.14e-13   	0.0288571585757735	-0.00783563882525242	0.999552833602673	0.904017740239487	305.563562278528	19.8330749075843	
1.145e-13  	0.0286777975628631	-0.00925558974759155	0.999545855869238	0.903959739837226	305.451251634363	19.9090862398183	
1.15e-13   	0.0281421716243607	-0.00870054645148623	0.999566065184143	0.903718003003066	306.710568188063	20.0079677892997	
1.155e-13  	0.0282768984633639	-0.00961850126094052	0.999553851199017	0.90364455140724	307.173635280692	20.1377056207501	
1.16e-13   	0.0295537578578465	-0.00785701493387449	0.999532311990367	0.902743118448165	311.421274209849	20.1908440184802	
1.165e-13  	0.0287317138113822	-0.00692050950805952	0.999563202188641	0.901964003149715	312.051008530002	20.3608554477359	
1.17e-13   	0.0296906318664239	-0.00664878223302917	0.99953702286318	0.902790060094061	309.19536985836	20.4439370612799	
1.175e-13  	0.0281787273887578	-0.0068529185918287	0.999579409966774	0.902884494811192	309.287293696428	20.6039647979209	
1.18e-13   	0.0272333388123914	-0.00522981592866681	0.99961542319158	0.902700969599716	309.453050118724	20.6959058784999	
1.185e-13  	0.0271050296788708	-0.00526827904770453	0.999618708609429	0.902978958777984	309.866388102894	20.8843887182513	
1.19e-13   	0.0271339427527877	-0.00611817514702026	0.999613083689664	0.903544081343212	308.875054175844	20.9594468801163	
1.195e-13  	0.0287329683699502	-0.0104553080362546	0.999532442226123	0.904230791465179	304.654868078589	21.1600034974775	
1.2e-13    	0.0299227626353027	-0.00911050698881984	0.99951069375904	0.904568601593781	301.284514967309	21.3206562446903	
1.205e-13  	0.028657037704513	-0.00796685401680943	0.999557553834234	0.904676173732854	301.945867300781	21.3502056509868	
1.21e-13   	0.0266928053295494	-0.00744956189873714	0.999615925328901	0.905027494724693	299.285101284206	21.5301917573946	
1.215e-13  	0.0268336616651992	-0.00577378144326938	0.999623238049958	0.905190497054543	298.828442285986	21.6772209363952	
1.22e-13   	0.0276990092487993	-0.00540922145394244	0.999601673272858	0.905042555338293	299.931785905281	21.7854506189805	
1.225e-13  	0.0268432642153521	-0.00772111780859082	0.999609835638911	0.905149305960668	301.264206919705	22.0239400148467	
1.23e-13   	0.0255535438612862	-0.00872898802960318	0.99963534409509	0.906396232852756	296.700373289931	22.151632432147	
1.235e-13  	0.0250289766444864	-0.00922329885044497	0.999644177238304	0.906794742345572	295.34651624614	22.3400690920027	
1.24e-13   	0.0235323049213029	-0.00747225710195879	0.999695151533153	0.906782034401249	296.099110749601	22.5340940909768	
1.245e-13  	0.0230802942376253	-0.00884432480730069	0.999694492300827	0.906959225167621	297.082796754755	22.7001000289636	
1.25e-13   	0.0202857954022758	-0.008759349314626	0.999755850347714	0.907487789640178	295.985948054635	22.8299956672459	
1.255e-13  	0.0167776221346105	-0.00713191787675082	0.999833809761856	0.906329670553764	299.869033298124	22.9346183624849	
1.26e-13   	0.0188982693659136	-0.00571915037617949	0.999805054365074	0.906745932623871	298.078357185539	23.0334823450041	
1.265e-13  	0.0189415622685593	-0.00788981300187014	0.999789461871659	0.906263689301466	297.218183733134	23.1765819085872	
1.27e-13   	0.0190320708093329	-0.00988889580889098	0.999769968552961	0.906081910665003	299.752941122146	23.3069696328885	
1.275e-13  	0.0173743067560742	-0.0106729598342502	0.999792089083086	0.906056592473529	297.987842392911	23.4590870553345	
1.28e-13   	0.0174480440684473	-0.0115876738627614	0.999780621722904	0.906221519399615	294.780755405589	23.5284042442455	
1.285e-13  	0.0167156189806911	-0.0128147625639964	0.999778160364849	0.905539073998665	298.143603715377	23.5787156936615	
1.29e-13   	0.0163891595403775	-0.0106820131644103	0.99980862671029	0.905469945707115	295.981562367273	23.7250195046205	
1.295e-13  	0.0157949781717405	-0.00965356262034823	0.999828649016065	0.905007538723996	295.410862260878	23.8506214626053	
1.3e-13    	0.0148678732775175	-0.01023284394693	0.999837104356985	0.904646012317975	296.013568450624	23.976831862583	
1.305e-13  	0.0122127816793421	-0.0109333862980227	0.999865645488288	0.905128725177975	293.121573432794	24.0687956255583	
1.31e-13   	0.0109977320393218	-0.0112458065057156	0.999876283210091	0.905778925628547	291.545913096375	24.1682533543252	
1.315e-13  	0.0105234112492989	-0.0153353166697554	0.999827027979498	0.906167206819198	289.487599274566	24.331797870255	
1.32e-13   	0.00971436770582221	-0.0135028731651731	0.999861642166736	0.906369975909706	290.720930175737	24.3503408379302	
1.325e-13  	0.00948971579109981	-0.0146440684014013	0.999847736685371	0.906143162740766	292.618822916006	24.3820024765358	
1.33e-13   	0.00792982852031639	-0.0149288331736209	0.999857113671605	0.906516200642725	289.342701304318	24.346042139253	
1.335e-13  	0.00881197131398382	-0.0164821485555304	0.999825328715249	0.907302658136188	288.567137790511	24.3646734747406	
1.34e-13   	0.00897143562875138	-0.0127693374449965	0.999878221266958	0.906972708604232	289.511600522182	24.4128663519168	
1.345e-13  	0.00876134669381233	-0.0132088906891393	0.999874374114505	0.907559802445373	286.973271879732	24.5190653578888	
1.35e-13   	0.00852228924310309	-0.0144795362797132	0.999858846845484	0.907324182343167	285.731691815383	24.530907637992	
1.355e-13  	0.00886593985782658	-0.0163213365627833	0.999827489661713	0.90627423810691	288.838542809784	24.519850427116	
1.36e-13   	0.00455903190514516	-0.0155592318697931	0.999868554126846	0.905453815667403	291.604017958611	24.575274727378	
1.365e-13  	0.00443655014777765	-0.015243651268984	0.999873966117118	0.905895902851361	291.201260183562	24.6414713564413	
1.37e-13   	0.00459218378601747	-0.015474110776057	0.999869723385885	0.905316968262819	290.843435343905	24.6483682362888	
1.375e-13  	0.0031400097087892	-0.0168818534671804	0.999852560812114	0.904883102304789	292.566790413992	24.7113631857788	
1.38e-13   	0.00336293562892603	-0.0179869013080723	0.999832567005741	0.904794533398697	291.744679146997	24.7587564499844	
1.385e-13  	0.00600922717255527	-0.0204996745026482	0.999771800229469	0.904156122818112	292.557547773594	24.875782983919	
1.39e-13   	0.00684506564170131	-0.0218303099841035	0.999738257066498	0.905032873209629	288.241895758581	24.9776932827806	
1.395e-13  	0.00878588786324008	-0.0215575137333418	0.999729004168675	0.905384335889102	286.802924451256	24.9098177086539	
1.4e-13    	0.00995419554967054	-0.0214503999188214	0.999720358067336	0.904403982358674	290.793179452508	24.951085718435	
1.405e-13  	0.00821254164905988	-0.0201859926777742	0.999762511729298	0.904685577782679	293.54129057803	24.9257420500394	
1.41e-13   	0.00581689479926804	-0.0187199886645997	0.999807844417762	0.905090421512242	293.184481926472	25.0479768224179	
1.415e-13  	0.00444389718922113	-0.0181450284495626	0.999825489633234	0.905056681002938	294.530435325326	25.0624494200621	
1.42e-13   	0.00516269247887794	-0.016482830807331	0.999850820320184	0.904636164105841	296.997548955672	25.1128137016095	
1.425e-13  	0.00439259318475673	-0.0163242330546222	0.999857102060235	0.903866592893583	298.504410524104	25.1230017714592	
1.43e-13   	0.00514166290685602	-0.0148438193351269	0.999876604551831	0.904063417997543	296.184345635404	25.1774423805382	
1.435e-13  	0.00626054484047202	-0.0159178063834483	0.999853703807832	0.903625553752486	295.368682050818	25.1607661832508	
1.44e-13   	0.00433507171054816	-0.0155268084431277	0.999870054243468	0.904072161745367	292.967431305361	25.1459306720177	
1.445e-13  	0.00411702420835523	-0.0153712458315008	0.999873379440245	0.904071918114736	293.944112638997	25.1692605516865	
1.45e-13   	0.00454772810641213	-0.0173484590470474	0.999839161634392	0.903335947911574	296.527577170989	25.1648617527765	
1.455e-13  	0.0030213489204206	-0.0177764901230859	0.99983742070879	0.904529032960743	293.805028559217	25.2213164737236	
1.46e-13   	0.00314763349416652	-0.0176132625702874	0.999839919879686	0.90560697858659	291.144069586727	25.3017581256363	
1.465e-13  	0.00288514139105137	-0.0191787077479696	0.999811908875	0.904856290393888	293.773674076996	25.2548756237793	
1.47e-13   	0.00306178619527738	-0.0181030167181528	0.999831438919079	0.905083835734619	292.970148839367	25.2907361108294	
1.475e-13  	0.00702158278027335	-0.0189061060617205	0.999796607580183	0.905113846227999	292.277946405872	25.2480120019712	
1.48e-13   	0.00678551422530703	-0.0188588211838792	0.99979913065588	0.904613251053757	295.54822206938	25.3162394079725	
1.485e-13  	0.00639334898052997	-0.0190448175351928	0.999798189643222	0.904882804136061	294.00884316489	25.2714131069109	
1.49e-13   	0.00691595809485059	-0.0179328824325637	0.999815273563717	0.904981099904803	294.066870384713	25.3548181158965	
1.495e-13  	0.00532116927472054	-0.0167955412808639	0.999844785429535	0.903811570831548	294.931035920161	25.2378739490502	
1.5e-13    	0.00579559372343672	-0.0187966847089967	0.999806529153187	0.903877928131222	294.60264125333	25.324844348995	
1.505e-13  	0.00631275571795852	-0.0175772107571067	0.999825580177486	0.903211715031537	296.550991528122	25.3339206283094	
1.51e-13   	0.00519176161926019	-0.018807243830235	0.999809648478549	0.903595216886837	294.352956998376	25.2853053839373	
1.515e-13  	0.00631788641600278	-0.0198539038713028	0.999782929846426	0.903258095573293	293.633934665608	25.3862026742385	
1.52e-13   	0.00804172176451671	-0.0220834519496302	0.999723787783931	0.903512013620589	295.331558953633	25.4634741127673	
1.525e-13  	0.00776571458099812	-0.0234909993759272	0.999693886459934	0.903457524515899	294.91265009216	25.5644277103383	
1.53e-13   	0.00680097122187421	-0.021066915651774	0.999754935899474	0.903584363642198	296.046149865458	25.6624509871582	
1.535e-13  	0.00914640793356526	-0.0225139030174358	0.999704690092446	0.90396704073275	295.008171676105	25.7432170119208	
1.54e-13   	0.00864392011025664	-0.0201726937218873	0.999759143530646	0.903077755634798	296.699170875407	25.8744887648964	
1.545e-13  	0.00685153195455296	-0.0230765675938668	0.999710222283418	0.902318706310858	299.129838370136	26.0108329782262	
1.55e-13   	0.00392750836675021	-0.0225268958646156	0.999738522635161	0.902362185934085	296.959017141244	26.0728317817855	
1.555e-13  	0.00443421340188338	-0.0223098807918015	0.999741270014678	0.901917543099956	298.736521177355	26.2466183195582	
1.56e-13   	0.0043059088387397	-0.0217114234252799	0.99975500661008	0.901700885488647	299.582112520924	26.205374750061	
1.565e-13  	0.00420972502778028	-0.0233722654951885	0.999717967939365	0.901755681550213	299.449777244596	26.23517449209	
1.57e-13   	0.00326022591402687	-0.0237596839658516	0.999712382810592	0.902260555937447	298.354462293697	26.27568758113	
1.575e-13  	0.00322459146548291	-0.0238130645406124	0.999711228288982	0.902479517970134	297.70290174422	26.2892194954196	
1.58e-13   	0.00137614408387839	-0.0238574134148915	0.999714424249551	0.903186256374918	295.386442209835	26.3533748536075	
1.585e-13  	0.00141614753757196	-0.0238009561204224	0.999715714097716	0.903380209875271	295.609825333435	26.3827463427305	
1.59e-13   	0.00274042657954092	-0.0247895998114298	0.99968893452081	0.902514015345081	298.368481920163	26.4548224853381	
1.595e-13  	0.00432572521523745	-0.0274275714167978	0.999614433883154	0.901996040589048	300.82202249368	26.5779819043199	
1.6e-13    	0.00355257759177138	-0.0280695094079524	0.999599660781281	0.902236360692582	298.506294531495	26.6289318089788	
1.605e-13  	0.00494783502407049	-0.0292916652015415	0.999558661249201	0.90206009110918	297.662371285273	26.7108867468664	
1.61e-13   	0.00580751156172361	-0.0266840619942274	0.999627047275607	0.902624249898207	297.251346767553	26.7015177204599	
1.615e-13  	0.00865789800329078	-0.0278014736148641	0.999575969532585	0.902103394349946	298.079241063084	26.840700167548	
1.62e-13   	0.00752852081095044	-0.0286345433219051	0.999561596052562	0.90222827639951	299.527106493623	26.9654803244868	
1.625e-13  	0.0105670106191275	-0.0288259129630162	0.999528591401178	0.902043741223875	300.146731884057	27.0956772183712	
1.63e-13   	0.0124852145717051	-0.0276441631878993	0.999539853962182	0.901570864422891	298.959657439646	27.2559793552477	
1.635e-13  	0.0152130542208262	-0.0302549070723377	0.999426437302575	0.901411396054533	299.079598290346	27.2606437771708	
1.64e-13   	0.0159205521436604	-0.0309260504254664	0.999394874623901	0.902231320076908	297.854537522496	27.4249635910492	
1.645e-13  	0.0148072528348137	-0.0326751132739774	0.999356333965027	0.903511308279736	295.59461474309	27.5248187969683	
1.65e-13   	0.0132947327904756	-0.0331901915769734	0.999360626232149	0.902316385550178	298.860800076733	27.6497058904197	
1.655e-13  	0.0129011639618656	-0.0324482271542651	0.999390150303161	0.902193724923677	302.077653163909	27.7472164237955	
1.66e-13   	0.0133475585026878	-0.0329283444085627	0.999368584065223	0.902686399721211	302.737767642896	28.035028150286	
1.665e-13  	0.0134306211552638	-0.0337811218924796	0.999339008654755	0.902662302963524	300.044366053343	28.1538920265361	
1.67e-13   	0.0119262252262129	-0.0338405251235228	0.999356084692147	0.902371323252147	302.067192215984	28.2834884814517	
1.675e-13  	0.0109303230495955	-0.0331554046719101	0.999390437806503	0.901987018021857	300.786494194139	28.3561700503286	
1.68e-13   	0.0104240386235585	-0.0309311234705024	0.999467160550874	0.901681811070103	301.922865556568	28.3158418838762	
1.685e-13  	0.0093259404717828	-0.0311279339738672	0.999471899835526	0.90131669548254	303.925533873188	28.4203452752295	
1.69e-13   	0.00902231217356765	-0.0308193160873577	0.999484250820867	0.900022481696827	306.976273218929	28.5502516810594	
1.695e-13  	0.00981919215039122	-0.0284695261046513	0.99954643191244	0.900980737642815	303.100838050125	28.6108589829699	
1.7e-13    	0.00913883151300452	-0.0280129587873863	0.999565783677369	0.900541109514223	304.987619174407	28.7424125359336	
1.705e-13  	0.00872413300555767	-0.0259020583176797	0.999626416656847	0.89997826923231	307.67238208509	28.8281143450206	
1.71e-13   	0.00868830511943071	-0.0244702305069787	0.999662803735883	0.900146664233074	308.47886149818	28.8325473602482	
1.715e-13  	0.00891411075580707	-0.0267925361496703	0.999601269825175	0.900354807147409	307.286806619405	28.9801956638245	
1.72e-13   	0.0102642066316354	-0.0278592554621771	0.999559156802296	0.900876225854585	307.982741764724	29.1470185561404	
1.725e-13  	0.010934037845127	-0.0261106686013794	0.999599259604363	0.900899207290511	306.256363493243	29.2090337069911	
1.73e-13   	0.0116713013016195	-0.0265866597099838	0.9995783762424	0.899970949869235	308.451764521025	29.2290624759706	
1.735e-13  	0.00989491379073788	-0.0279846935694119	0.999559376729016	0.899071590001855	311.022906321209	29.3875433495345	
1.74e-13   	0.00989380360946026	-0.0278915652992264	0.999561990691571	0.899416852672942	306.788524456734	29.5335277370668	
1.745e-13  	0.0096839108742073	-0.0282817935037801	0.999553081144963	0.899075498023171	309.006256242433	29.702361920404	
1.75e-13   	0.00846976487510216	-0.0291982792679565	0.999537754950132	0.898858799702477	308.224289910932	29.9177615589039	
1.755e-13  	0.00919043375766319	-0.0282132916375492	0.999559676108596	0.89854438727404	308.268674488621	30.0957659434422	
1.76e-13   	0.00832975067478051	-0.0271794808232268	0.999595863874934	0.899233654788422	307.134744770413	30.3608685429768	
1.765e-13  	0.00777415597385928	-0.0272832513484013	0.999597512349223	0.899228845568882	307.406150662705	30.5367743436245	
1.77e-13   	0.00733552776632781	-0.0281611633450434	0.999576479771029	0.900349298733618	303.25339390623	30.7478370914872	
1.775e-13  	0.005643388945909	-0.0279261574212001	0.999594058552216	0.901014561206382	299.806873234331	30.9269020168859	
1.78e-13   	0.00667330707758411	-0.0301624905745407	0.999522731674968	0.901596582551976	297.750264843921	31.0859037871475	
1.785e-13  	0.00498660154651167	-0.0271626990010848	0.999618588056461	0.901922774155088	296.963662310117	31.2592131097396	
1.79e-13   	0.00494097228980339	-0.0280095103596203	0.999595445228841	0.902455770617289	294.827349807182	31.3399200071277	
1.795e-13  	0.00228312702623732	-0.02685688338754	0.999636681572705	0.902113518456386	293.554389255863	31.5117703871469	
1.8e-13    	0.00278536697766632	-0.0274259406642131	0.999619957538605	0.90283938804865	290.143508623767	31.6330180472813	
1.805e-13  	0.0019070932892313	-0.0285900647087917	0.999589401301921	0.90339638083192	289.08420819143	31.661899450367	
1.81e-13   	0.00171757213693864	-0.0295276173066563	0.999562489173211	0.904056921461682	287.849671783639	31.8073473043605	
1.815e-13  	0.00147135984081162	-0.0288955224982266	0.999581354307779	0.905692304724578	280.836045917911	31.9603878157595	
1.82e-13   	0.00331777904759315	-0.0295920496434034	0.999556553147491	0.905013590226745	284.989076378787	32.052927483411	
1.825e-13  	0.0053378581008943	-0.0284886809396873	0.999579862907017	0.904733587464943	285.320196340809	32.2143062077086	
1.83e-13   	0.00620358203641346	-0.0304469136214794	0.999517133930601	0.905281709593176	284.181255920113	32.3210998498686	
1.835e-13  	0.00630361035831228	-0.0311904141552798	0.999493583051574	0.905294941721462	284.185640210398	32.4977907341742	
1.84e-13   	0.00667094629598642	-0.0324435444143171	0.999451306918627	0.90525210980933	282.5781564592	32.7126244646758	
1.845e-13  	0.00524935878347686	-0.0342810499169352	0.999398445990865	0.904492005155058	286.093116039769	32.7062798440693	
1.85e-13   	0.00585449539962902	-0.035559512503463	0.999350411994778	0.904216889882115	288.684457156657	32.8603556929789	
1.855e-13  	0.0053657541702582	-0.0377192688584564	0.999273969159093	0.90445549285419	290.030978025056	33.0479551119277	
1.86e-13   	0.00461525259603216	-0.0379528600596047	0.999268872654788	0.904693419983895	288.722057732926	33.2168541135204	
1.865e-13  	0.00465555138161387	-0.0380839221708973	0.999263699287337	0.9049870293638	288.32942588398	33.3129552779508	
1.87e-13   	0.0046914912378489	-0.037333978879824	0.999291831213968	0.904374644739314	289.920761818919	33.3633021642229	
1.875e-13  	0.00715032098925546	-0.0386521137765115	0.99922714485264	0.903907638557142	291.15498183303	33.3581176139806	
1.88e-13   	0.00890511064403594	-0.0385252809713563	0.999217945060283	0.903733842966595	294.525567064772	33.5298613577697	
1.885e-13  	0.00827207681172356	-0.0400622638744574	0.999162943547485	0.904443115270923	291.869370752482	33.5925123389051	
1.89e-13   	0.0076154796016222	-0.0393732924947038	0.999195550584851	0.905182668828256	291.001697563612	33.6474680098274	
1.895e-13  	0.0079655372562423	-0.0400498942380239	0.999165930257704	0.905265848396172	290.091457917697	33.6677832761288	
1.9e-13    	0.00924531424364144	-0.0415562820096374	0.999093388823123	0.905695185931325	286.50267474669	33.8616900827004	
1.905e-13  	0.0110588081152309	-0.0414114510304723	0.99908097493978	0.905172956821111	287.885495840418	33.9574685689125	
1.91e-13   	0.0107449566507161	-0.0393844430701573	0.999166358296069	0.904335772676323	289.836535500911	33.9377061817334	
1.915e-13  	0.00896893991842049	-0.0391933515464785	0.999191392732791	0.905076032882265	286.643007809745	34.022967520718	
1.92e-13   	0.00785877213272011	-0.0385723455424796	0.999224906545027	0.906098796324476	284.294633958104	34.0277527955503	
1.925e-13  	0.00733814187772552	-0.0386237408077708	0.999226880302865	0.90596497204412	284.431661076265	34.1126343327849	
1.93e-13   	0.00638382473370171	-0.0374823040191174	0.999276900397076	0.905698685955353	287.258105011911	34.1596459833347	
1.935e-13  	0.00464086172575153	-0.0350392850923695	0.999375160238966	0.906557966547785	284.161194226158	34.2779634316346	
1.94e-13   	0.00468057740928863	-0.0363456208837512	0.999328318440787	0.906185624169507	285.066756565607	34.4013544211914	
1.945e-13  	0.00696525794269694	-0.0374838428221654	0.999272959060273	0.905395525282416	284.56175200896	34.3969992380035	
1.95e-13   	0.00534755678188291	-0.0366815657244521	0.999312696993522	0.904952903119677	285.966644948062	34.4887538606484	
1.955e-13  	0.00514790794455638	-0.0371081117546848	0.99929799713889	0.90491176853514	284.807743558629	34.4277240869365	
1.96e-13   	0.00366538536643878	-0.0381976729708529	0.999263480134107	0.904605787943939	287.21900708338	34.4112286602381	
1.965e-13  	0.00368205657679975	-0.0390845614708518	0.999229122631039	0.90543439206519	285.844916911479	34.4976079989816	
1.97e-13   	0.00304672777552775	-0.0390565440713089	0.999232357269853	0.906005836782606	286.274880489795	34.6366315278045	
1.975e-13  	0.00305270828512807	-0.0375388212814046	0.999290507244479	0.905094049836748	290.950502168149	34.5838176497163	
1.98e-13   	0.00281784719672446	-0.0369995537213826	0.999311309233311	0.904763398470477	291.339909512516	34.5436110150146	
1.985e-13  	0.0046579038212609	-0.0364664418592518	0.999324022802473	0.905738408047354	287.437726474278	34.5670431787432	
1.99e-13   	0.0042854314002172	-0.0350321039218118	0.99937699932134	0.905967782711422	287.353245403804	34.6290864230073	
1.995e-13  	0.00310998896284063	-0.0334423920534496	0.999435808034911	0.905732420058314	288.279979055953	34.5959514604747	
2e-13      	0.00329946043595095	-0.0327272513692825	0.999458873880583	0.905826035158954	286.926569769798	34.5870708438422	
2.005e-13  	0.00232629710622637	-0.0321902907873092	0.999479051066505	0.906012092849353	288.604739658437	34.4931085167953	
2.01e-13   	0.000357355331731627	-0.0326192247289556	0.999467787612612	0.904826270730135	291.024076943899	34.4922686547224	
2.015e-13  	-0.00105261057639083	-0.0338466433952276	0.999426483910573	0.904383968580431	294.988262487609	34.5306126314219	
2.02e-13   	-0.000536217965709843	-0.0355187319826876	0.999368866909829	0.904749448133834	293.932783440452	34.5378460252255	
2.025e-13  	-0.00291973691888838	-0.0338194992786141	0.999423692237115	0.904632695840455	294.069969022734	34.525740788085	
2.03e-13   	-0.00451585548572161	-0.0329778072353027	0.999445882116277	0.905622013833533	292.44667743453	34.6713773053627	
2.035e-13  	-0.0026749890129452	-0.0335706215782152	0.999432768024259	0.905709512045916	292.470075089003	34.6816446707777	
2.04e-13   	-0.00386764731239478	-0.0343177388470533	0.999403489139743	0.906041009401402	290.035607947939	34.6971859647274	
2.045e-13  	-0.00476313874990901	-0.0343281650627343	0.99939926435468	0.906316160668357	289.659618000448	34.6246046399004	
2.05e-13   	-0.00379078819158098	-0.0356396676062657	0.999357515615809	0.907016622404754	287.376751489992	34.6218899254898	
2.055e-13  	-0.00522263962707094	-0.0371557679018185	0.999295838551803	0.907192729122974	286.511217001692	34.6036621067466	
2.06e-13   	-0.00556892766384843	-0.0376447430438266	0.999275667854391	0.90763512381154	286.797734634203	34.5830513859757	
2.065e-13  	-0.00515033392267252	-0.0376812401883127	0.999276537400111	0.907300618705024	287.387421432579	34.6369394277394	
2.07e-13   	-0.00592573522358276	-0.0389044080104467	0.99922536632104	0.907761082810146	285.040183094375	34.639676288592	
2.075e-13  	-0.00541966231520439	-0.0393141527739646	0.999212202013193	0.907033054276	287.730682010685	34.563610014325	
2.08e-13   	-0.00618431309120785	-0.0394183004037262	0.999203658852824	0.906637476730606	288.801518150553	34.7405953553025	
2.085e-13  	-0.00596630726773482	-0.0404265499761278	0.999164699754057	0.906460573202	290.759837599357	34.7203080178737	
2.09e-13   	-0.00737289634195249	-0.0413910051452282	0.999115821660631	0.905870999116736	291.954190391159	34.7231391307239	
2.095e-13  	-0.00753996387833817	-0.0424680383701866	0.999069374298753	0.905796706298916	292.478579385936	34.7837665964778	
2.1e-13    	-0.00642849815554626	-0.0420230535637266	0.999095960046203	0.90579552609652	291.508538961248	34.8225055437497	
2.105e-13  	-0.00694662538817667	-0.0408937620587289	0.99913935195267	0.905033508453263	292.425920760477	34.8896363457049	
2.11e-13   	-0.00855110487091286	-0.0409997185385604	0.999122565897321	0.904292982506332	293.342736150503	34.8953911233039	
2.115e-13  	-0.00774097112608743	-0.0386691994753939	0.999222082611247	0.903699126685531	294.380772484863	34.9129490364159	
2.12e-13   	-0.0105306098133911	-0.0383716372501622	0.999208048262072	0.902231681062642	296.940017816765	34.9317061630807	
2.125e-13  	-0.010928008910227	-0.0390189611440025	0.999178712389581	0.902876073089899	293.994034705911	34.9021721682621	
2.13e-13   	-0.010621339790172	-0.0398789499717641	0.999148065348781	0.902832756540135	293.376664742252	34.8470597792961	
2.135e-13  	-0.0104071092935063	-0.0408434839284964	0.999111356104381	0.902255350007973	294.617912836289	34.8182586385903	
2.14e-13   	-0.0117095322312536	-0.0390257413634055	0.999169594396248	0.902458766848499	294.013122553485	34.780210660709	
2.145e-13  	-0.0114530811175041	-0.0394692708881337	0.999155144904171	0.902403149741229	293.593577094586	34.8840521905534	
2.15e-13   	-0.0124006754066984	-0.0394200881658194	0.999145775099138	0.902492852779203	296.000715193563	35.0267387669883	
2.155e-13  	-0.0126335514272342	-0.0418425463392368	0.999044340704748	0.902190130587123	296.767914762105	34.9912395567624	
2.16e-13   	-0.0126480284171618	-0.0424826247563874	0.999017143982508	0.90220350375525	296.732007795017	35.0570075122017	
2.165e-13  	-0.0121680213751569	-0.0445632336642294	0.99893245890861	0.902500887908256	295.972429989055	35.1792949597943	
2.17e-13   	-0.0102704338063096	-0.044682673400293	0.99894843554972	0.903423268530301	295.712479939574	35.3511401759638	
2.175e-13  	-0.00869355500099695	-0.0443730177440806	0.998977205644717	0.903039401555567	300.292615911868	35.3455307663878	
2.18e-13   	-0.00810509069994657	-0.043153266780796	0.999035586488735	0.902533687736726	303.454095215192	35.387441981866	
2.185e-13  	-0.00611154036829176	-0.0434154136148056	0.999038413142849	0.902365693380037	305.177603935024	35.4539323394103	
2.19e-13   	-0.00664621473886147	-0.0448131069824404	0.99897327955868	0.902969503778363	303.660201938658	35.5789825184048	
2.195e-13  	-0.00669727266667341	-0.0435429240005724	0.999029108839331	0.902864450423999	304.206110642947	35.6846129212485	
2.2e-13    	-0.00552928745674018	-0.0459482702411197	0.998928517683858	0.902440239713534	305.244521508649	35.8189727559357	
2.205e-13  	-0.00631603989001524	-0.0474111561013752	0.998855490007057	0.902614280124365	303.477163087869	35.859244704737	
2.21e-13   	-0.00635314970385624	-0.0476133056771196	0.998845639031046	0.902787337533753	301.403502620627	35.8412966235286	
2.215e-13  	-0.00573163692240142	-0.0491901490445914	0.998772986005909	0.902070970234281	301.460576423893	35.9874503627089	
2.22e-13   	-0.00508871597527325	-0.0497661000825684	0.998747936294386	0.902961791089329	299.012172517983	36.1337732209008	
2.225e-13  	-0.00442545595657169	-0.0491777575071237	0.998780237843214	0.902198878275795	301.054149708143	36.3010179561977	
2.23e-13   	-0.00312951355160594	-0.0513707853712183	0.998674746128726	0.902440126513648	299.362871948801	36.3714531937507	
2.235e-13  	-0.00228542736298709	-0.0508905030963581	0.998701623867894	0.901629774766549	302.38745885086	36.5209201466705	
2.24e-13   	-0.000855732810760472	-0.0524250634859296	0.99862449421184	0.901638198856382	301.974925441376	36.6622843431271	
2.245e-13  	-0.00198466096386789	-0.0537453706021152	0.998552700792352	0.901916538088741	302.408407807312	36.950798255414	
2.25e-13   	-0.00297495820567936	-0.053033922048803	0.998588279891065	0.902190161388161	301.535314998642	37.1460610605502	
2.255e-13  	-0.00426442404159408	-0.0533465359507161	0.998566954084528	0.90070696389697	305.150904486601	37.21117295238	
2.26e-13   	-0.00515445586933998	-0.0505702340680272	0.998707205847137	0.900034095500745	308.480346076296	37.3933153349852	
2.265e-13  	-0.00272506232403361	-0.0504700082911544	0.998721859327421	0.901016895081858	304.747584937961	37.6019532193374	
2.27e-13   	-0.00269248746758582	-0.048007322663897	0.998843354826912	0.901137807387901	305.521373184987	37.7967071632581	
2.275e-13  	-0.00632263258155469	-0.0471895498470673	0.99886594230781	0.901402441877001	305.493010465455	37.9025427082132	
2.28e-13   	-0.00594706996392609	-0.0477892376062001	0.99883973745935	0.900671586968733	309.34766618953	38.0612581226041	
2.285e-13  	-0.00528470751531759	-0.0467363251973331	0.998893281473815	0.901337331674512	306.565123324628	38.3441628565356	
2.29e-13   	-0.00422308914789797	-0.0457516094135347	0.998943920224814	0.901135439066214	308.15439878794	38.4792466660522	
2.295e-13  	-0.00255137564631179	-0.0449947798708591	0.998983963968734	0.901409182759018	309.271617102076	38.6228015788208	
2.3e-13    	-0.00181894062050661	-0.0466801120099103	0.998908233321641	0.90146364966216	308.870927412327	38.8122876587754	
2.305e-13  	0.00123816574997777	-0.0456657892200478	0.998956006358881	0.900992861558878	310.716083000135	39.0114341141531	
2.31e-13   	0.00164961982743089	-0.044053410224438	0.999027815329494	0.900848408309035	311.687300398739	39.0175385073806	
2.315e-13  	0.00150969207311759	-0.0424333905880087	0.99909815743652	0.901718026388634	308.736655322272	39.2056061144084	
2.32e-13   	0.00291833371854023	-0.0421617836553891	0.999106534523373	0.902667410459578	306.079534434763	39.3018035313025	
2.325e-13  	0.001170994367393	-0.0411383889679445	0.999152771964985	0.902756042615489	307.088810234663	39.4525580262781	
2.33e-13   	0.00236312945578021	-0.0411782750460301	0.9991490205587	0.902065702813763	308.670811434807	39.5939139500027	
2.335e-13  	0.00237427628471405	-0.0429123418487529	0.999076019995065	0.902764790363688	307.16930064513	39.7122985201999	
2.34e-13   	0.00073037343697595	-0.041228962218613	0.999149457903581	0.902837304455834	305.406044936585	39.8260554946735	
2.345e-13  	-0.00136406175840919	-0.0389741275925645	0.999239289016359	0.90323197371902	304.135947668968	39.9573778691424	
2.35e-13   	-0.00151204772124298	-0.039880137595983	0.999203326824433	0.903730698713416	303.489713436957	40.0240613877283	
2.355e-13  	-0.000895391768763658	-0.0398241750399957	0.999206301699486	0.904369263500465	300.994557837042	40.3000224485656	
2.36e-13   	-0.000144964619170677	-0.0390464986208039	0.999237384173908	0.903431205333023	302.651849687286	40.4473254051616	
2.365e-13  	-0.00123016390484074	-0.0386425197868784	0.999252341684165	0.903724146626393	302.609291629106	40.5423016776652	
2.37e-13   	-0.00193952938902135	-0.038783261018374	0.9992457640093	0.903969983511186	302.613292802055	40.6793620869749	
2.375e-13  	-0.0015306801598749	-0.0399678895406607	0.999199792245732	0.903975566139633	300.487529620832	40.793761525714	
2.38e-13   	1.47219974525685e-05	-0.0394572264035641	0.999221260316153	0.904077873048337	297.967435944554	40.8993692316551	
2.385e-13  	0.000510074853799827	-0.0387791235245655	0.999247676705986	0.904427496106466	293.872267823947	41.0299228086741	
2.39e-13   	0.00152811953419867	-0.0372816427835761	0.999303629515097	0.904469496991641	294.383989060003	41.1287389445436	
2.395e-13  	0.00367758578379444	-0.0371793040087171	0.999301843646969	0.904075307312566	293.643726781513	41.3352882309599	
2.4e-13    	0.00462757131669676	-0.0359632241578336	0.999342399826947	0.903224257652143	296.601819778051	41.4720557254677	
2.405e-13  	0.00347256606214645	-0.0358691677503163	0.999350461094527	0.902545398573052	295.979582210977	41.5680730324745	
2.41e-13   	0.00472054858825664	-0.0358621567400863	0.999345596945809	0.902582502361565	296.051639619137	41.5693402608898	
2.415e-13  	0.00477919329091185	-0.0338945239292048	0.999413988574855	0.902916848739745	293.869220619895	41.5142875994986	
2.42e-13   	0.00352424756823411	-0.0344784509536399	0.999399227585711	0.902759790999208	294.077977992022	41.6094324138245	
2.425e-13  	0.00427452796289563	-0.0335027752528812	0.999429483485978	0.902561805629918	295.207026315762	41.783894658866	
2.43e-13   	0.00169569823146353	-0.0320728729323355	0.999484094635514	0.902504484310552	298.257050941199	41.7418569208733	
2.435e-13  	5.37351783988911e-05	-0.0319258454132136	0.999490238825363	0.902852759044194	296.10457721808	41.7962791880748	
2.44e-13   	0.00105847129675526	-0.0324218354279122	0.999473713624325	0.902729857319345	294.96509387608	41.8218333042928	
2.445e-13  	0.00112898410744883	-0.0327008317852931	0.999464547142836	0.902800456784534	293.487762029626	41.8536761747338	
2.45e-13   	0.00351787351779694	-0.0343230498558356	0.999404599156171	0.902025787951275	296.095631771577	41.870710532337	
2.455e-13  	0.00494942947885407	-0.0351302833595106	0.999370485024905	0.902839051222216	294.490050649753	41.8845912949892	
2.46e-13   	0.00594654324724474	-0.0372873436144094	0.999286892053323	0.902323034017457	296.805575395845	41.987956750777	
2.465e-13  	0.0063458926680531	-0.0380952410691747	0.999253962841342	0.902029825949884	298.245289455781	42.0509878597173	
2.47e-13   	0.00567559284538056	-0.0372467766467936	0.999289980573846	0.902331952658879	294.939296930023	42.0530743717441	
2.475e-13  	0.00816747404381879	-0.0370163216849843	0.999281283871892	0.902817216648138	293.388439596032	42.0219748120163	
2.48e-13   	0.00723231487954047	-0.0391759618059359	0.999206153723076	0.902437092099148	293.91776754102	42.1129016741873	
2.485e-13  	0.00747352810452839	-0.0369463314850704	0.999289304939999	0.902136115405122	295.51890850545	42.2575588674855	
2.49e-13   	0.00533230578961873	-0.0351990324246329	0.99936609639878	0.90277916686152	291.706523227583	42.3537008795321	
2.495e-13  	0.00558530014190968	-0.0337614814575446	0.999414311880772	0.901922050704792	295.27888423872	42.4795059876015	
2.5e-13    	0.00584404108057517	-0.0349187273767551	0.999373068309446	0.902190105756758	295.580647710166	42.5202352030281	
