#----------------------------------------------------------------------------------------------------------------------------------------------------------
# Output file for vampire simulation
#   time       : 2024-05-07 10:47:45     process id : 72225
#   hostname   : UOY22M030
#   path       : /Users/mss555/Dropbox/vampire_github/vampire-mara
#   version    : 6.0.0
#   githash    : 71852b58f5ad0177f16cc65dce29044e3213d846
#----------------------------------------------------------------------------------------------------------------------------------------------------------
5e-15      	-0.000817509617063712	0.00732350099868624	0.999972848636976	0.972122185156541	115.38523060474	1.70116836702884	
1e-14      	-0.00196238439089224	0.0052875182989416	0.999984095472393	0.954289321998836	182.856285280428	3.2913639665981	
1.5e-14    	-0.00605909247131247	0.00920556511186106	0.99993927064067	0.945716251758508	212.071938178769	4.35806948272258	
2e-14      	-0.00611560471976718	0.00705990437003268	0.999956377613142	0.937773552412747	236.898539123696	5.01856465437393	
2.5e-14    	-0.0147088974014708	0.00237455644228683	0.999888998748829	0.930456034269611	251.194429733741	5.14397270692528	
3e-14      	-0.00999715031974024	-0.00295497874355181	0.999945661066695	0.922514831348824	268.173681466923	5.01738468250047	
3.5e-14    	-0.0170689515630059	0.00393544767940736	0.999846569801638	0.917213832371336	277.708880972073	5.11309336771663	
4e-14      	-0.0145775476213846	-0.000898232909658508	0.99989333845315	0.914289253563894	288.845611658102	5.64616944241068	
4.5e-14    	-0.0139950657650744	0.00177929344835964	0.999900481172529	0.913041167983805	290.448424431129	6.44257749533758	
5e-14      	-0.00906995420372597	0.00877975236526939	0.999920322765343	0.910519682809535	294.395577501726	7.62291605302643	
5.5e-14    	-0.00641750559152997	0.0148607685085192	0.999868978007278	0.908809816666616	293.356988757197	9.2002358995103	
6e-14      	-0.00229795864145621	0.0118553565167628	0.999927082295476	0.909359797626933	289.670012713865	10.81163701149	
6.5e-14    	-0.000156546872520788	0.0128834593689654	0.999916992538763	0.905378236140402	300.201243208847	12.0982164904027	
7e-14      	0.00251415627028638	0.012389291263058	0.999920089047244	0.908560962216016	286.205997980641	13.2951382455197	
7.5e-14    	0.0110147846575625	0.0172331406920632	0.999790824813288	0.907730137364267	284.880522468811	14.2527570446545	
8e-14      	0.0155844976763775	0.0189905181672857	0.999698196283215	0.906560889865192	294.786945042968	14.8151570158275	
8.5e-14    	0.00539881583388314	0.026737001808677	0.999627923540492	0.902957170422803	303.946695940404	14.9186070137371	
9e-14      	0.00790020182905583	0.01560112419198	0.999847084175879	0.902987502218668	300.516990576093	15.2131059083359	
9.5e-14    	0.0196482263102514	0.0137458472699023	0.999712458102676	0.905287373840057	292.092817909058	15.7310018688467	
1e-13      	0.0234269427182908	0.00642013031982039	0.999704936609573	0.903076249919359	302.384157310606	16.4450878836149	
1.05e-13   	0.0334063467798584	-0.00144056989777043	0.999440814032123	0.904329661742461	297.320514642506	17.5847938751774	
1.1e-13    	0.0276309088414793	-0.00696877541243582	0.999593902065156	0.90501414959329	298.382366466471	18.7964950186749	
1.15e-13   	0.0281421716243607	-0.00870054645148623	0.999566065184143	0.903718003003066	306.710568188063	20.0079677892997	
1.2e-13    	0.0299227626353027	-0.00911050698881984	0.99951069375904	0.904568601593781	301.284514967309	21.3206562446903	
1.25e-13   	0.0202857954022758	-0.008759349314626	0.999755850347714	0.907487789640178	295.985948054635	22.8299956672459	
1.3e-13    	0.0148678732775175	-0.01023284394693	0.999837104356985	0.904646012317975	296.013568450624	23.976831862583	
1.35e-13   	0.00852228924310309	-0.0144795362797132	0.999858846845484	0.907324182343167	285.731691815383	24.530907637992	
1.4e-13    	0.00995419554967054	-0.0214503999188214	0.999720358067336	0.904403982358674	290.793179452508	24.951085718435	
1.45e-13   	0.00454772810641213	-0.0173484590470474	0.999839161634392	0.903335947911574	296.527577170989	25.1648617527765	
1.5e-13    	0.00579559372343672	-0.0187966847089967	0.999806529153187	0.903877928131222	294.60264125333	25.324844348995	
1.55e-13   	0.00392750836675021	-0.0225268958646156	0.999738522635161	0.902362185934085	296.959017141244	26.0728317817855	
1.6e-13    	0.00355257759177138	-0.0280695094079524	0.999599660781281	0.902236360692582	298.506294531495	26.6289318089788	
1.65e-13   	0.0132947327904756	-0.0331901915769734	0.999360626232149	0.902316385550178	298.860800076733	27.6497058904197	
1.7e-13    	0.00913883151300452	-0.0280129587873863	0.999565783677369	0.900541109514223	304.987619174407	28.7424125359336	
1.75e-13   	0.00846976487510216	-0.0291982792679565	0.999537754950132	0.898858799702477	308.224289910932	29.9177615589039	
1.8e-13    	0.00278536697766632	-0.0274259406642131	0.999619957538605	0.90283938804865	290.143508623767	31.6330180472813	
1.85e-13   	0.00585449539962902	-0.035559512503463	0.999350411994778	0.904216889882115	288.684457156657	32.8603556929789	
1.9e-13    	0.00924531424364144	-0.0415562820096374	0.999093388823123	0.905695185931325	286.50267474669	33.8616900827004	
1.95e-13   	0.00534755678188291	-0.0366815657244521	0.999312696993522	0.904952903119677	285.966644948062	34.4887538606484	
2e-13      	0.00329946043595095	-0.0327272513692825	0.999458873880583	0.905826035158954	286.926569769798	34.5870708438422	
2.05e-13   	-0.00379078819158098	-0.0356396676062657	0.999357515615809	0.907016622404754	287.376751489992	34.6218899254898	
2.1e-13    	-0.00642849815554626	-0.0420230535637266	0.999095960046203	0.90579552609652	291.508538961248	34.8225055437497	
2.15e-13   	-0.0124006754066984	-0.0394200881658194	0.999145775099138	0.902492852779203	296.000715193563	35.0267387669883	
2.2e-13    	-0.00552928745674018	-0.0459482702411197	0.998928517683858	0.902440239713534	305.244521508649	35.8189727559357	
2.25e-13   	-0.00297495820567936	-0.053033922048803	0.998588279891065	0.902190161388161	301.535314998642	37.1460610605502	
2.3e-13    	-0.00181894062050661	-0.0466801120099103	0.998908233321641	0.90146364966216	308.870927412327	38.8122876587754	
2.35e-13   	-0.00151204772124298	-0.039880137595983	0.999203326824433	0.903730698713416	303.489713436957	40.0240613877283	
2.4e-13    	0.00462757131669676	-0.0359632241578336	0.999342399826947	0.903224257652143	296.601819778051	41.4720557254677	
2.45e-13   	0.00351787351779694	-0.0343230498558356	0.999404599156171	0.902025787951275	296.095631771577	41.870710532337	
2.5e-13    	0.00584404108057517	-0.0349187273767551	0.999373068309446	0.902190105756758	295.580647710166	42.5202352030281	
2.55e-13   	0.00354490188650375	-0.0350052155578548	0.999380842599238	0.901570910480909	297.001207483444	42.5483654940431	
2.6e-13    	0.00525077709795246	-0.0408087447810454	0.999153179291976	0.901296630684083	299.882671079953	42.8794611142146	
2.65e-13   	0.00646360495049499	-0.0403049557017906	0.999166518833032	0.900487769468884	295.504769940455	42.9006908941	
2.7e-13    	0.00380705096760518	-0.0371795423575697	0.999301349940553	0.899226842482979	301.344849093424	43.3406885484046	
2.75e-13   	0.000809252766820334	-0.0417991065322928	0.999125707708025	0.896049768428888	307.560774274454	43.9309136182602	
2.8e-13    	-0.0048946152139487	-0.0376339284598131	0.99927960560125	0.900483505531555	298.424609296064	44.8869866876644	
2.85e-13   	-0.0108282904957544	-0.0303572988798476	0.999480456302003	0.898825560669963	305.818606379797	46.2163985958236	
2.9e-13    	-0.0128853131203533	-0.0248149829737759	0.999609016228746	0.899185934203376	305.646166021446	47.5053854511963	
2.95e-13   	-0.014303825290866	-0.0221937356807706	0.999651358563865	0.900434378744879	296.269834177381	48.9541171390872	
3e-13      	-0.0185838697863835	-0.0190773245663383	0.999645284824149	0.899749314147701	301.991652831256	49.8808420968399	
3.05e-13   	-0.0183818027778916	-0.0144988855476724	0.999725908259114	0.89916765248479	301.916044192075	50.7156846246491	
3.1e-13    	-0.0170318742585466	-0.0122983276501664	0.999779308845832	0.899591709737267	302.954189500423	51.1363970421974	
3.15e-13   	-0.015245880620086	-0.00490527949222273	0.999871742453612	0.901342917914372	299.906805562038	51.6842211409846	
3.2e-13    	-0.0112049230644599	-0.0121318621145753	0.999863624511239	0.89961058653471	296.086205809916	52.256272947311	
3.25e-13   	-0.0169798893757195	-0.00813878347264283	0.999822706063617	0.899379436382743	303.913312771739	52.873845722243	
3.3e-13    	-0.020634402441595	0.00103268643379256	0.99978655471786	0.899131517186755	304.199972377895	53.3963674952541	
3.35e-13   	-0.0142842469833955	-0.00407350279367311	0.99988967734601	0.899512002787701	302.760368091103	53.8678912185594	
3.4e-13    	-0.0192246430656906	-0.00357747076020153	0.999808789120178	0.900400994470595	296.74927635039	54.6506709182437	
3.45e-13   	-0.0164551257356205	-0.000217246346383032	0.99986458165146	0.899731114994092	301.090418329148	55.722419321296	
3.5e-13    	-0.0185012576326544	0.00818046442680617	0.999795370797331	0.900612587252343	296.200369506115	56.4888378827865	
3.55e-13   	-0.0166270052462945	0.010481132912472	0.999806825616534	0.901719743189963	296.643609111936	58.0117408481348	
3.6e-13    	-0.0126079335459869	0.0157965131982331	0.999795734228986	0.903139353684649	294.608979678582	59.2550585116892	
3.65e-13   	-0.0165274413396682	0.0202634058137862	0.999658060572509	0.902303407816048	295.608637661311	60.3895176656225	
3.7e-13    	-0.0167337427769008	0.0210250306094365	0.999638899773588	0.902650181932718	293.120381357652	60.9518110383569	
3.75e-13   	-0.014779651831703	0.0243529080308398	0.999594166530685	0.900519319083565	293.28388390115	60.7209329615123	
3.8e-13    	-0.00730064644219259	0.0279859456255248	0.999581656198718	0.902457199858983	294.564447022169	61.0332217487648	
3.85e-13   	-0.00998706552294284	0.0303814088516292	0.999488483434617	0.901771625927582	292.721876586569	61.1541269827763	
3.9e-13    	-0.0115075442092299	0.0259973994687796	0.999595774124287	0.900014786509326	292.966971453765	61.6420655209446	
3.95e-13   	-0.0134706015125004	0.0246985703981177	0.999604183422209	0.901689276965635	293.604108708562	62.4400023129089	
4e-13      	-0.0202830335145201	0.0230454093046631	0.999528642741882	0.901183671543633	295.314534998462	63.0787362025824	
4.05e-13   	-0.0199634921195477	0.0183722710553773	0.999631891567421	0.901732359849564	293.216692338426	64.337425344654	
4.1e-13    	-0.0208523315810494	0.0145507739947208	0.999676675352481	0.902628857500993	294.262725593088	66.0293352815362	
4.15e-13   	-0.0224132813276821	0.010325006309443	0.999695473164121	0.90148327290492	299.780373974323	67.4362535657328	
4.2e-13    	-0.0252336929238941	0.0132787011575263	0.999593385750922	0.901948667720614	298.187188797687	68.7297034542401	
4.25e-13   	-0.0215869253879131	0.0185637377396373	0.999594613977802	0.901071448099291	303.223319593216	69.6741235519674	
4.3e-13    	-0.0229954115081692	0.0161447563695713	0.999605201012548	0.905012556359746	294.63849246464	69.9104546118236	
4.35e-13   	-0.0197698800447556	0.0176039441184702	0.999649565094934	0.906664425872223	290.678001058788	70.0646212469882	
4.4e-13    	-0.0163378051897632	0.0133130908209178	0.999777894201695	0.905865167421818	292.862425524294	70.4101744078107	
4.45e-13   	-0.0100411513752721	0.00997730846287616	0.999899809278357	0.904932588901462	287.468521216171	70.3857560404077	
4.5e-13    	-0.0144119898027927	0.01439036995334	0.999792584390648	0.905403104955027	289.730154258576	70.9065108191871	
4.55e-13   	-0.0192314191945107	0.017510953563643	0.999661702287857	0.903250007837459	296.235293189801	71.0883133810899	
4.6e-13    	-0.0242425350952386	0.0192439523745456	0.999520870111856	0.900490024426365	298.485203536368	72.0798666459908	
4.65e-13   	-0.0195311018326526	0.0191344005000718	0.999626135502021	0.898263068708337	302.09990972655	72.9068999295349	
4.7e-13    	-0.0204237535781118	0.0147291290107531	0.999682911251545	0.898346145685853	301.579385151634	74.6458926888895	
4.75e-13   	-0.0223526962653036	0.0109781588046055	0.999689870409284	0.898375234332929	303.490642835881	76.0289440466149	
4.8e-13    	-0.0190168255552861	0.00660992680268188	0.999797314065938	0.89880613579251	304.748593432084	77.1909796991688	
4.85e-13   	-0.0163922433854351	-0.00111649877544255	0.999865014783134	0.900545572891451	296.38673304794	78.0414710568836	
4.9e-13    	-0.00942780073767317	-0.00881419671359797	0.999916709786142	0.903339029320962	294.637949665007	78.0425273242004	
4.95e-13   	-0.00313944478517758	-0.00705544758760593	0.999970181828328	0.903682035138413	293.939558907685	78.5047844781726	
5e-13      	-0.00433399435520096	-0.00986989227262468	0.999941899171875	0.905255128634851	290.592182991509	78.4631579922995	
5.05e-13   	-0.00243986141030749	-0.0144163844616359	0.999893101754059	0.903594420766253	301.310118583174	78.604571200614	
5.1e-13    	-0.00253153004368467	-0.0136928633280481	0.999903043724499	0.902885578591753	297.184894066092	79.2274531171286	
5.15e-13   	-0.00982457648163092	-0.00895059152649321	0.999911678403789	0.900405391134424	300.35590980846	80.3900308385369	
5.2e-13    	-0.0100835912193236	-0.0164109145622281	0.999814484327644	0.903310619284558	296.597105667488	81.9569459210178	
5.25e-13   	-0.00703398399581989	-0.0195564521741876	0.999784010798085	0.903494399526412	290.119361157642	82.8364724662917	
5.3e-13    	-0.013339700540576	-0.0224663636774359	0.999658599169037	0.90114666209619	297.752947544113	83.8801563422087	
5.35e-13   	-0.00401611528438252	-0.0204559347467207	0.99978268916383	0.90252950297237	302.452758558165	84.7818681697486	
5.4e-13    	-0.0103469480480542	-0.0163862921322206	0.999812197413218	0.903359698138174	297.922633603249	84.972673466134	
5.45e-13   	-0.0136091150946055	-0.0216555374095822	0.999672861333068	0.90138722941443	301.399147100635	84.3683173899524	
5.5e-13    	-0.0136341119737878	-0.0227382757720849	0.999648479119335	0.900494088862502	304.876258027325	84.7639664017752	
5.55e-13   	-0.0231419502385228	-0.0275216923482912	0.999353294180513	0.901290395295404	301.148270339563	85.5435394617259	
5.6e-13    	-0.0226629741911251	-0.0201921237635364	0.999539227713815	0.900018121236092	300.725006751432	86.3387085789988	
5.65e-13   	-0.0212089290470114	-0.0165974417026644	0.999637287348569	0.898881449615454	300.153645688805	86.8930376135532	
5.7e-13    	-0.0260766674592138	-0.0154160319396704	0.999541071378989	0.900433196488768	296.114345976172	88.4801209090243	
5.75e-13   	-0.0312132169654211	-0.00976622637392628	0.999465034860691	0.901940973222342	286.698510449703	89.2260148969527	
5.8e-13    	-0.0226716469460109	-0.00574986017326643	0.999726430346194	0.902558305229272	295.131780801254	90.3380636906283	
5.85e-13   	-0.0272425093541823	-0.00738153935170233	0.999601599919131	0.903408806112039	294.897716997831	90.9230521179056	
5.9e-13    	-0.0220094163774751	-0.00656224727088197	0.9997362264625	0.90435683385315	290.014792996684	91.5686790976139	
5.95e-13   	-0.0146687277910971	-0.00343225681003398	0.99988651757996	0.902905173870253	290.729444273245	91.5747994061369	
6e-13      	-0.0107714114590192	-0.00637626026773122	0.999921656931271	0.901269931723991	292.471592550304	92.7436996303514	
6.05e-13   	-0.0118628087403689	-0.00859540928149596	0.999892690596382	0.901317884685771	282.124508936859	93.1145491045642	
6.1e-13    	-0.00678980394712083	-0.00850935975262769	0.99994074292378	0.902067214228884	282.140550662884	93.727490621411	
6.15e-13   	-0.00383041390494371	-0.0132598138827945	0.999904748096093	0.90174460037647	283.499455765477	94.3348962368237	
6.2e-13    	-0.00592820818384697	-0.00698391137438995	0.999958039784492	0.902072357096505	286.502440339856	94.6778206666643	
6.25e-13   	-0.011200769739387	-0.0130457631254195	0.99985216448319	0.899837836677962	293.434900337201	95.2090047534581	
6.3e-13    	-0.0139520820503636	-0.00491144574878843	0.999890602569659	0.90008219077966	290.038605418855	96.8791858881182	
6.35e-13   	-0.0141203197509933	-0.00753607386592411	0.9998719038761	0.898871520315778	291.335881403124	98.1437669442358	
6.4e-13    	-0.0154860110142304	-0.0140326262980614	0.999781610584055	0.897092091970506	295.603655811785	98.3854893222347	
6.45e-13   	-0.0185690289842799	-0.0125487508503045	0.999748828463769	0.896904657285674	286.384591465027	99.1110992395674	
6.5e-13    	-0.0171742781469074	-0.00633647330222231	0.999832432598694	0.896430163402091	290.449643864427	99.0876104225156	
6.55e-13   	-0.0149366454460797	-0.00766814575658166	0.999859038146615	0.897838070677328	294.400416444933	99.5459945098147	
6.6e-13    	-0.0163523439509284	-0.00934963042947198	0.999822576889591	0.895331486535942	297.125226402221	100.07093591219	
6.65e-13   	-0.0172073875711386	-0.00795760173039485	0.999820275043308	0.894513609638279	301.942380805764	100.374899518724	
6.7e-13    	-0.0163769554018684	-0.00634332175922271	0.999845766906489	0.895320790787586	292.716176603376	100.807324225768	
6.75e-13   	-0.014547116732343	-0.00480035977139511	0.999882662086327	0.897154907843721	286.628511714292	102.117069833607	
6.8e-13    	-0.0207807443038778	-0.00545495819498488	0.999769175408638	0.897880199685859	292.893860441485	102.96030550501	
6.85e-13   	-0.0183788587964884	-0.0086195768837927	0.999793938991272	0.893450176728304	306.075483057097	103.857538895555	
6.9e-13    	-0.0148372765385784	-0.0142876250743132	0.999787836990755	0.89414279345751	302.464884429971	103.65272677459	
6.95e-13   	-0.0165408259348909	-0.0168183207324234	0.999721733866546	0.892441605650739	305.043155562654	104.99565003208	
7e-13      	-0.0123091762818795	-0.0100688139768498	0.999873543586568	0.893890396444486	305.998551984056	106.161516902915	
7.05e-13   	-0.00662259508452968	-0.0057911895216287	0.999961300930327	0.893897037667744	310.116828467408	106.642330838166	
7.1e-13    	-0.00827454933558646	-0.00695562509259537	0.999941573849625	0.893195454118967	314.475538747754	107.352529455427	
7.15e-13   	-0.00375318146956837	-0.00989307051352801	0.999944018825389	0.893776450392605	302.861423564701	107.936374498437	
7.2e-13    	0.000608872809918272	-0.00765360905211524	0.999970525336811	0.894942506461215	294.444755937317	107.221882062641	
7.25e-13   	-0.0047292280712885	-0.00896029940416081	0.999948672400958	0.899590876374165	290.696987760294	107.70641892208	
7.3e-13    	-0.00810453949024393	-0.0125542082967314	0.999888347913753	0.896422145702096	297.708197358687	107.784889144391	
7.35e-13   	-0.00460085315134331	-0.0149277676061983	0.999877989509008	0.897485393865641	298.144092568546	108.839344322296	
7.4e-13    	-0.00531902066057504	-0.0221485675645648	0.999740540827494	0.895318364319857	302.800638246417	109.482885442431	
7.45e-13   	-0.00170622037712917	-0.0287274456290229	0.999585825569599	0.896665806025372	299.490058955416	110.354413481772	
7.5e-13    	-0.00686606843995845	-0.0262348825541512	0.999632226392061	0.895245121211871	303.452094156514	110.346629032705	
7.55e-13   	-0.00752494916257388	-0.0353894261365697	0.999345267491584	0.896165878017281	308.24519309146	111.661688196126	
7.6e-13    	-0.00669728858599869	-0.0253048576239345	0.99965734654742	0.896099780528544	302.119112264104	112.885312086444	
7.65e-13   	-0.00853266372231714	-0.0161715105869022	0.999832823973658	0.89595683520827	306.170185332789	114.126875896094	
7.7e-13    	-0.0093449535150979	-0.0125981349343796	0.999876971852025	0.896415573184647	302.085332430821	114.870328784097	
7.75e-13   	-0.00559118792497706	-0.0131652128847138	0.999897702661271	0.894876812150105	305.449405955627	114.742692855924	
7.8e-13    	-0.0105612591935918	-0.0154283336123115	0.999825197885207	0.894765063608894	297.135537300112	114.244227967763	
7.85e-13   	-0.0040639318405647	-0.00932184370264802	0.999948292507157	0.895905013323314	296.834573215059	114.579905687163	
7.9e-13    	-0.00874693112462129	-0.00198634572351287	0.999959772004138	0.896222122577449	299.709711779353	114.566259082247	
7.95e-13   	-0.00903228884064255	-0.00382581510916323	0.999951889291205	0.898807715233809	290.711639844728	114.990293644737	
8e-13      	0.00332680926454292	-0.0063106455870788	0.999974553722439	0.900421334544788	286.967943319802	115.596164146848	
8.05e-13   	0.00263899014495904	0.000201948885709783	0.999996497467697	0.899877397689593	297.480252726749	116.535463212925	
8.1e-13    	0.0033926707855069	0.00128775194678959	0.999993415718256	0.899739345367746	300.028621427462	117.872342944868	
8.15e-13   	0.00435628462174347	-0.000799312485003325	0.999990191893823	0.900021555902128	299.667965419083	118.786448655014	
8.2e-13    	0.00541258880171954	0.00421182556360691	0.999976481927393	0.898712338669404	306.251509211703	120.95936001991	
8.25e-13   	0.00556704019920639	0.0107134501591241	0.999927112368251	0.897953249215341	307.091035334281	121.085424198731	
8.3e-13    	0.00231240226660069	0.00671920022036997	0.999974752253354	0.901515798947996	297.570011497326	121.087154698673	
8.35e-13   	0.0049705479245166	0.00783562835960942	0.999956947364005	0.903284799884225	294.679747966293	120.674631016377	
8.4e-13    	0.00380357837828618	0.00649964369887329	0.999971643309603	0.904769866133143	296.429433800235	119.933875829959	
8.45e-13   	0.00416818147251126	0.00198355609328772	0.999989345827463	0.904143775276096	292.886283387374	120.076034703908	
8.5e-13    	0.0156188398109253	0.000845902100357907	0.999877660662842	0.906277629091142	292.936466436548	120.745324163869	
8.55e-13   	0.0188824940159258	0.00556197976386687	0.999806239128785	0.904847764699475	295.612578521062	122.114664659187	
8.6e-13    	0.0202395098934107	0.00301400458252058	0.999790617087223	0.904399260640729	292.045951207195	123.567095991451	
8.65e-13   	0.0198379913674953	0.00259480154258727	0.99979984051982	0.901600981997186	298.690822136677	125.662337040978	
8.7e-13    	0.0179351041328062	0.00806714088604131	0.99980660793859	0.902060611384189	297.093029542268	126.702017074513	
8.75e-13   	0.0135844169299408	0.00809673634725349	0.999874945419274	0.897584931467942	305.477977256627	127.602701714804	
8.8e-13    	0.0155817616887779	0.00975990027440235	0.999830962237771	0.897503693876736	311.048875028678	128.360810288588	
8.85e-13   	0.0285949757500115	0.0120686250171735	0.999518221770895	0.895409100458888	313.177666829848	129.094473136373	
8.9e-13    	0.0314541422034144	0.013738096804492	0.99941077722548	0.896674145151805	309.345289607996	129.127806313067	
8.95e-13   	0.0340220783612842	0.0142707407956107	0.999319190319651	0.898864887407429	310.557024669968	128.765156090632	
9e-13      	0.0352212707415964	0.0120526042535133	0.999306858186241	0.900921750434983	304.983142436284	128.343866550902	
9.05e-13   	0.0319948687897548	0.0168053276262645	0.999346741293782	0.902037533182798	300.818239274167	127.64106133399	
9.1e-13    	0.0337858361143229	0.0195506946395292	0.999237853374845	0.902390307092047	292.526264139705	128.28572466919	
9.15e-13   	0.0286892697010553	0.0205039963058907	0.999378062566669	0.902122328985141	294.065001694655	129.267933623903	
9.2e-13    	0.0256119404179418	0.0280369199615895	0.999278719690905	0.900015593417012	303.358680893018	130.702433902024	
9.25e-13   	0.022350661741463	0.0322839357231198	0.999228800332509	0.898355644013268	310.389452866524	132.416683698629	
9.3e-13    	0.0201779497459885	0.0301665269783774	0.999341198487339	0.89785103646314	305.524696434571	133.969134716701	
9.35e-13   	0.0181049949888719	0.0253007452747017	0.999515923557498	0.896104517031962	299.302296698475	135.092206315445	
9.4e-13    	0.0173693989908984	0.0280814459095649	0.999454719521762	0.894662458558521	303.000988588458	135.834696381223	
9.45e-13   	0.0137075794333435	0.0250041846529932	0.999593363831472	0.894620993530116	305.522449652581	135.847878013821	
9.5e-13    	0.0126498888685244	0.0202736412772862	0.999714439117978	0.898062256388987	293.599958417789	135.460611318267	
9.55e-13   	0.0107506610441317	0.016429931603776	0.999807221735575	0.895343178069741	298.152677078703	134.667177070872	
9.6e-13    	0.00431600533315316	0.00711191173388412	0.999965395806002	0.895314279518391	292.819298780242	134.03227374947	
9.65e-13   	-1.78782954389686e-05	0.00709754843917994	0.999974811926041	0.894762180179461	292.533361639153	134.512755910881	
9.7e-13    	-0.00519352993861478	0.00257417890063162	0.999983200283767	0.893014516190343	303.957641318313	135.340673394503	
9.75e-13   	-0.00191057514097864	0.00851552272658305	0.999961917062507	0.893804165000091	298.781541182739	136.692559714119	
9.8e-13    	0.00854845061740673	0.00575399869063489	0.999946906336086	0.893746017725444	299.79735571061	137.610434133747	
9.85e-13   	0.00661468003556781	0.00694796338736028	0.9999539848477	0.89287277220971	309.622467645524	138.44640339981	
9.9e-13    	0.0130191279732409	0.0154481913702183	0.99979590701813	0.893132356614753	305.527143232899	139.856186820219	
9.95e-13   	0.0138053421052137	0.0146478752346884	0.999797405617992	0.893014281485117	305.034155149041	140.194475809676	
1e-12      	0.0134788874615552	0.0182930036767516	0.999741809473467	0.893576296721422	302.292492722027	141.006726903673	
1.005e-12  	0.00793581398981212	0.0149311804596097	0.999857031133152	0.896841370358957	294.150987982343	141.703795913874	
1.01e-12   	0.00911792674121638	0.021972924791748	0.999716986945825	0.895904863356094	296.334055448951	142.20741516523	
1.015e-12  	0.0111449105208437	0.0222349747211118	0.999690650585787	0.895962105025991	294.874906514578	142.43880076534	
1.02e-12   	0.0172387851940102	0.0224133428335045	0.999600153235314	0.897969401843432	294.343380460503	142.082533998249	
1.025e-12  	0.0193538043170469	0.0231990047815321	0.999543514028081	0.899485913653589	291.134133079647	142.166139540859	
1.03e-12   	0.0224451988187115	0.0271305052717762	0.999379882093735	0.899060375478741	291.316270568972	142.73765806655	
1.035e-12  	0.0196716618733837	0.0301561275365795	0.999351606638593	0.900328570112307	288.645698400783	143.243770629422	
1.04e-12   	0.0218947872290821	0.0376054346428709	0.999052776172267	0.895913124836575	302.39717623185	143.026383242403	
1.045e-12  	0.0246597705562796	0.0316892316605588	0.999193518950596	0.898436739342486	298.972696454765	143.980558007517	
1.05e-12   	0.0151953592027877	0.0348218771391409	0.999278008329616	0.896487037199134	297.46748378006	145.36620456198	
1.055e-12  	0.0154623510401497	0.0433972261563911	0.998938234558194	0.896637327016001	299.30113037215	147.43311145555	
1.06e-12   	0.0183136912647473	0.0372187561828472	0.99913931606181	0.897082968170887	289.181594089962	148.290682311937	
1.065e-12  	0.0187592976371075	0.0418037566749895	0.998949715791551	0.895219431503163	295.503328374841	148.954288720932	
1.07e-12   	0.0217619075446001	0.0375519600579066	0.999057690864662	0.895830897515496	294.497009489521	148.668696535049	
1.075e-12  	0.0181698894974257	0.0389652856186689	0.999075353330422	0.896727147291764	294.176201037195	147.003077658675	
1.08e-12   	0.0162809392601361	0.0381754399356313	0.999138412234526	0.89854987194998	298.5265541609	145.878555966958	
1.085e-12  	0.0183608386884534	0.03876060189135	0.999079824310188	0.89673410162418	303.249342306859	145.150137412885	
1.09e-12   	0.0205082861544931	0.0409417800202366	0.998951040265628	0.896671451299581	305.167661334377	146.387183564211	
1.095e-12  	0.0262750953754658	0.0351709242546405	0.999035847930436	0.898173432487466	297.922314656644	146.835154688527	
1.1e-12    	0.0356541429280562	0.0330429396409484	0.998817774287157	0.898852675779921	294.318553574985	147.893998410104	
1.105e-12  	0.034747346864122	0.0281160412331969	0.999000555611095	0.899723681608509	299.988976267203	149.781411919081	
1.11e-12   	0.0302472671421327	0.0234624174218574	0.999267040284605	0.899928061864764	295.96515299171	151.734939778435	
1.115e-12  	0.0341699887906302	0.0243258788280617	0.999119944493798	0.899523005401193	296.499909499632	152.612975685684	
1.12e-12   	0.0303529718460141	0.0166246548472011	0.999400979562921	0.897971120998637	292.888658093789	153.089120957467	
1.125e-12  	0.0277373073045486	0.0137079159613693	0.99952125281231	0.897235259944599	301.171897386658	152.965286408021	
1.13e-12   	0.0368308576947843	0.0174274605908014	0.999169540938285	0.896955037305886	300.784486340785	152.736205854112	
1.135e-12  	0.0385389612468875	0.0147661689353932	0.999147991401165	0.896675039639597	302.842319829786	153.227034029552	
1.14e-12   	0.0293445784281225	0.0185235758203892	0.999397705048247	0.894963276413333	305.751198540104	152.050543165962	
1.145e-12  	0.0310039634040192	0.0138503625516138	0.999423294560634	0.89363471233947	304.497025042754	152.639280909434	
1.15e-12   	0.0264596027823079	0.00712991620970209	0.999624456341203	0.892384674488649	310.675395834251	152.181741542686	
1.155e-12  	0.0315089880596499	0.00433058253123193	0.999494086889161	0.893346437940418	316.26769904757	153.122090513172	
1.16e-12   	0.0300930870359457	-0.0012841664690433	0.99954627558164	0.893828120074216	315.193506882467	154.323208193449	
1.165e-12  	0.0256792791541353	0.00128142962039448	0.999669411635793	0.893801396557873	313.145166198472	155.023695998692	
1.17e-12   	0.020539354563765	-0.00445537923099547	0.999779117860546	0.894475673127263	311.490589142775	156.511329706006	
1.175e-12  	0.0131743688001868	-0.00897211300318536	0.999872960527974	0.896306373177291	312.944167299156	157.068967190933	
1.18e-12   	0.0134253113927296	-0.0145684438369501	0.999803741470384	0.899196459043811	306.158910775331	157.309452335914	
1.185e-12  	0.00659895649758845	-0.0182700308007827	0.999811312072274	0.900862995012083	294.429984794515	157.999694935219	
1.19e-12   	0.00419009778565046	-0.0235055044495029	0.999714926537121	0.901041825772709	293.583077210021	157.534016737909	
1.195e-12  	-0.000854958265914504	-0.0214924037546989	0.999768646051279	0.902634023029254	292.684972406731	157.545200105766	
1.2e-12    	3.65032963645243e-06	-0.0254151649292539	0.999676982519	0.90382869123685	286.038357179478	157.764072560369	
1.205e-12  	-0.00593059561698203	-0.0296197296359611	0.999543645696335	0.902300995197939	291.537277012458	158.045496456362	
1.21e-12   	-0.0052003237062695	-0.0311469131602778	0.999501288860568	0.901592977085714	297.036892977876	157.859468643119	
1.215e-12  	-0.00745078074483865	-0.0290016664785739	0.99955159406994	0.902603697312898	299.181663979535	158.353986851326	
1.22e-12   	-0.00746363822348686	-0.0252091369036125	0.999654337019074	0.902588852508612	295.114829607453	158.462222705267	
1.225e-12  	-0.0164938485286967	-0.0353241043186528	0.999239791348802	0.901664330133952	299.774965730143	158.975319719142	
1.23e-12   	-0.0131638129481625	-0.0323411079639421	0.999390197452592	0.902447175058808	296.673490042237	159.680375595418	
1.235e-12  	-0.0113649453708483	-0.0231679265407802	0.99966698714948	0.903883143215466	296.781742256169	160.751460666667	
1.24e-12   	-0.0161973466963755	-0.0236271318856028	0.999589618092774	0.904184181196855	302.757120146139	161.054533341335	
1.245e-12  	-0.0141202555090559	-0.0221429370445015	0.999655094881931	0.904360185254306	298.92970838405	161.706146913012	
1.25e-12   	-0.01682390465031	-0.0281910412416119	0.999460965433884	0.904479081398833	300.852857359499	163.291355039025	
1.255e-12  	-0.0174988454027155	-0.0199679468219471	0.999647473617219	0.903395448412506	302.801238884362	163.799859006666	
1.26e-12   	-0.0173422340622398	-0.0211807419666892	0.999625241321702	0.90609609038017	289.575023597312	163.343435469224	
1.265e-12  	-0.00591470784391447	-0.0238627810925999	0.999697746276167	0.902501534127922	302.40479751942	163.688406735198	
1.27e-12   	-0.0064081391600813	-0.0152409010536955	0.999863316002531	0.902628691582761	297.919073033724	162.982982886313	
1.275e-12  	-0.00513253974809207	-0.0149517676572942	0.999875043032706	0.900072948008266	305.686043795811	163.742777744254	
1.28e-12   	-0.00975835839957015	-0.0140882354368299	0.999853137247477	0.89855018326423	307.40542112452	163.644888577667	
1.285e-12  	-0.0139037641559057	-0.0100496992400484	0.999852833614768	0.902314767876429	297.750871396205	163.957774313981	
1.29e-12   	-0.0125438880057455	-0.00373861870854488	0.99991433313252	0.900556962857506	301.610079215733	164.961667677215	
1.295e-12  	-0.0171677513893627	-0.00174546030758594	0.999851099754632	0.901740977599831	295.548596249604	165.494273214648	
1.3e-12    	-0.0159535231828935	-0.00289382191963606	0.999868546806404	0.90107760204419	302.496135843085	165.993953086381	
1.305e-12  	-0.021883119090587	0.0117437477590321	0.999691559175849	0.899094200638256	306.773456919221	167.209521439335	
1.31e-12   	-0.00995038413966226	0.0115933351452166	0.999883285406694	0.899038992652423	300.407835642349	167.251213207204	
1.315e-12  	-0.0026447481643096	0.00992427277125464	0.999947255667572	0.899315789873421	298.404762114965	166.563490367061	
1.32e-12   	-0.00668260568034163	0.0104209488372361	0.999923370367276	0.898236542944048	298.708319853384	166.888831327034	
1.325e-12  	-0.0163718716964922	0.0119748611072815	0.999794261095059	0.897302477335566	303.184622392856	166.839740407514	
1.33e-12   	-0.0199757131416778	0.00739195253748599	0.999773139228178	0.898313834902796	304.614206704776	167.432405899391	
1.335e-12  	-0.0141865433264888	0.000278908389247784	0.999899327031755	0.900540583603683	301.663811815865	168.601024530419	
1.34e-12   	-0.0167022786111928	0.00346232227252216	0.999854512523535	0.902057658786385	293.66568596637	169.017117907875	
1.345e-12  	-0.010195666640903	-0.000161883387681839	0.999948009736264	0.899609661533395	295.310003881332	169.418811087109	
1.35e-12   	-0.0153374634719905	-0.00231205816052212	0.999879701064737	0.898234926299242	303.809974327705	170.9745165785	
1.355e-12  	-0.0180930022911312	-0.00773053507469509	0.999806422311615	0.899857572689535	299.684267549355	171.85249330573	
1.36e-12   	-0.0122872481489006	-0.00906955855769286	0.99988337651973	0.902272863528416	292.796983507742	171.641803630442	
1.365e-12  	-0.00994675915537199	-0.0115833166535592	0.999883437585406	0.903350240272319	297.17768842913	171.473956346509	
1.37e-12   	-0.0164296790429746	-0.0135181731977394	0.999773636699799	0.902129229350153	293.913922273262	171.64623894116	
1.375e-12  	-0.00921255235849596	-0.0160525325870716	0.999828707867794	0.90401581203652	288.320698393413	171.804442557641	
1.38e-12   	-0.0130337948344681	-0.0116628648281708	0.999847037189296	0.902725153373186	291.917853889867	172.48576900462	
1.385e-12  	-0.0127985480904823	-0.00856766410342985	0.999881389115022	0.900473213044517	294.942083633325	173.150951224891	
1.39e-12   	-0.0163309772551554	-0.0156357665661991	0.999744378321668	0.899779085599513	299.292152275955	173.941422546975	
1.395e-12  	-0.0186180167473788	-0.0106122578592926	0.99977034834782	0.898114426332693	294.675933083456	174.30136320694	
1.4e-12    	-0.0260800874590185	-0.017628036539105	0.999504417882135	0.894771536724733	304.961983014617	175.082452108926	
1.405e-12  	-0.0310304795138697	-0.0134959103794778	0.999427320891403	0.895082851316587	310.824473758531	175.402201452092	
1.41e-12   	-0.0338956619355096	-0.0143849108193794	0.999321849277135	0.897043460024189	299.145003503826	174.87927657264	
1.415e-12  	-0.0375144550921809	-0.0206582384802203	0.999082530545916	0.897436674023912	297.622847747574	174.338713086906	
1.42e-12   	-0.0368733866270202	-0.0204151239031334	0.999111393226338	0.89795879872833	296.347096693116	174.434284163465	
1.425e-12  	-0.0395242601962377	-0.0192415542607448	0.999033330497822	0.896525844961028	292.952756398994	174.658530437643	
1.43e-12   	-0.0413101405758849	-0.0222274824925418	0.998899099663046	0.895926810185046	293.199237037624	175.375940054639	
1.435e-12  	-0.0431279060843264	-0.0181485715998593	0.998904706699126	0.893883951202742	301.730535008838	176.507793414229	
1.44e-12   	-0.0484409341516812	-0.0236243479072576	0.998546626895544	0.896530056292476	300.789985767458	177.402977469813	
1.445e-12  	-0.0496668742263063	-0.0233867029228982	0.998491994825689	0.898568670421463	292.403945392835	178.051138115611	
1.45e-12   	-0.0554997248294821	-0.0269475929279877	0.998094989356844	0.896102985151092	295.294859422953	178.530428719738	
1.455e-12  	-0.050093703164851	-0.0347904282616352	0.998138390707723	0.896053861937197	296.665379794666	179.085372934182	
1.46e-12   	-0.0566993924888849	-0.0366079741988039	0.997719918171654	0.894778536778108	301.633944397433	178.574989404827	
1.465e-12  	-0.053731610458347	-0.0424504773387422	0.997652680551336	0.897911060124699	287.785009815169	178.462640508401	
1.47e-12   	-0.0551153953311512	-0.0444850021232964	0.997488535163979	0.896749721252481	291.360566570573	178.09065406287	
1.475e-12  	-0.0525123429174859	-0.044079096428564	0.997646975186793	0.896162841042875	292.283295861324	178.261930552158	
1.48e-12   	-0.0533828982975321	-0.0468702360211042	0.997473532052195	0.89337034719345	297.241908776649	178.736751098949	
1.485e-12  	-0.054400287049308	-0.049639144715712	0.99728459532916	0.897540952112801	290.599581450742	179.467175392881	
1.49e-12   	-0.0537421180615681	-0.0495242554998205	0.997325991270379	0.894853327828288	300.392018131256	180.581424757847	
1.495e-12  	-0.0554128327431672	-0.0493793184740723	0.9972417464559	0.889311090791375	314.243099570904	180.562206986247	
1.5e-12    	-0.0596296099371979	-0.0532322594153757	0.996800198724033	0.891319838324141	305.630449041152	180.547598655019	
1.505e-12  	-0.0657701517471085	-0.0579150774055339	0.99615266447883	0.890783146456517	300.049964154191	181.761723959348	
1.51e-12   	-0.0635527881693469	-0.0566990368044376	0.996366530118987	0.891541982617695	306.252370754951	182.726172347577	
1.515e-12  	-0.057975381197008	-0.0579024446219638	0.996637427594339	0.891841366855921	304.247570835683	183.151528815179	
1.52e-12   	-0.0578184924058318	-0.0606043663071839	0.996485891882279	0.891287683700103	310.680978323055	182.744271285157	
1.525e-12  	-0.0535408449257975	-0.0713326372272269	0.996014574587561	0.889578216912679	312.866720067201	182.864596603207	
1.53e-12   	-0.0568125058254305	-0.0689416316221748	0.996001702112556	0.893964311127358	303.230284446931	182.849698857933	
1.535e-12  	-0.0584972961580026	-0.0676831601861717	0.995990489999486	0.896166125628877	300.186766622231	183.515259957641	
1.54e-12   	-0.0571480279778742	-0.0704801912685214	0.995874814189511	0.897686926473877	289.751040722279	184.52754682135	
1.545e-12  	-0.0534957673067462	-0.0650063556282122	0.996449886651708	0.898492947326963	293.323766060015	184.587863630107	
1.55e-12   	-0.0535362041006655	-0.0657103739664823	0.996401536331452	0.90153780853167	289.534336525038	184.59664768975	
1.555e-12  	-0.047851250967227	-0.0663971951053682	0.996645207816207	0.903115649926106	286.337559253313	185.282519506407	
1.56e-12   	-0.0441381154094452	-0.0691858679946321	0.996626882257313	0.901436654790707	291.538575147779	186.164264625262	
1.565e-12  	-0.036208675107242	-0.0687905055279468	0.996973820216051	0.90136080919577	295.639296065147	186.398308456923	
1.57e-12   	-0.0350422758167434	-0.0726957854125171	0.996738361702228	0.9048615175511	287.881824648413	186.468470928551	
1.575e-12  	-0.0346102445436867	-0.0723209952057619	0.996780720432069	0.904097740561988	293.850838942901	188.063908535015	
1.58e-12   	-0.0321716000380043	-0.0708191501089091	0.996970228306165	0.901575679395436	300.160704823912	188.660477515773	
1.585e-12  	-0.0399633050841689	-0.0791929214068998	0.996057937795684	0.900583655859901	303.675822409155	188.630425799252	
1.59e-12   	-0.0443967024926214	-0.0719418117764846	0.996420246947089	0.89765384836342	311.466544048846	188.526720102752	
1.595e-12  	-0.0429323942049751	-0.0761464471151558	0.99617193702672	0.900559929811762	294.742415121805	188.66998341575	
1.6e-12    	-0.0393735783567794	-0.0732031704871579	0.996539521121973	0.89916647481414	301.515129694637	189.042658431933	
1.605e-12  	-0.0423225565547835	-0.069799285987335	0.996662862196804	0.899422705614923	305.784746440923	189.284201391005	
1.61e-12   	-0.0399156264602156	-0.0699550322636816	0.996751240894776	0.899444985661694	313.219429448018	189.999245606314	
1.615e-12  	-0.0402623074483699	-0.072895353434425	0.99652657468158	0.90074930961705	309.132169975398	190.431828132497	
1.62e-12   	-0.0405229677112147	-0.0793520889520773	0.996022657908352	0.902675038657117	296.434955420625	190.018823799508	
1.625e-12  	-0.0429134538221886	-0.0795314853630564	0.995908217817785	0.900540182887053	301.64319252386	190.13135302417	
1.63e-12   	-0.0437507995952669	-0.0779604238195285	0.995996003934079	0.898057773906214	307.008408668324	189.907626551361	
1.635e-12  	-0.0407297672984987	-0.0752131196292663	0.996335321411142	0.899575447640944	302.17398544392	190.27496457847	
1.64e-12   	-0.0421614118746231	-0.0683665088955604	0.996768998218831	0.898850896735926	308.324596741031	190.94872225952	
1.645e-12  	-0.0459253876581749	-0.0639434028987956	0.996896233313261	0.900543183659323	304.674089604738	192.788827010427	
1.65e-12   	-0.0421825958474499	-0.0652374947035344	0.996977782045506	0.900115878641321	301.039472081742	194.046538151839	
1.655e-12  	-0.0427294169868475	-0.0689696678765134	0.996703256660159	0.897969313955977	304.674673849966	194.721742562376	
1.66e-12   	-0.0468279004877468	-0.0691124267339613	0.996509217321572	0.896619023302354	302.954202299719	195.21677601858	
1.665e-12  	-0.0441047851653698	-0.0766867024929004	0.996079272742025	0.893558996774526	314.713021633594	195.46090140537	
1.67e-12   	-0.0468856723442419	-0.0709880116706764	0.996374646369463	0.892050783538415	311.508000716631	195.034190510612	
1.675e-12  	-0.0493151226760955	-0.0707417585539475	0.996274872849926	0.894927200936963	298.389333127097	195.137970671041	
1.68e-12   	-0.0504111092288862	-0.0712550762108521	0.996183434002242	0.895639971830883	301.33285223768	194.864042671288	
1.685e-12  	-0.0535565551084155	-0.0730980048767455	0.995885724914239	0.900482762455887	293.256410578747	193.396145840599	
1.69e-12   	-0.0616204578721505	-0.0701882155841697	0.995628712706065	0.900852723332971	294.08974298648	192.510350922533	
1.695e-12  	-0.0653243065165464	-0.0717722321173051	0.995279599748248	0.895890231990962	309.806560593546	194.101857750829	
1.7e-12    	-0.0623737573154203	-0.0635692374115248	0.996026338232717	0.896566940446648	303.321572495444	195.094773592687	
1.705e-12  	-0.0620531467610081	-0.0692834052562987	0.995665213178179	0.897346768265118	299.461515397816	196.175716325841	
1.71e-12   	-0.0667089748916012	-0.0624482096847691	0.995816315279118	0.896385750890982	300.075880454853	196.706346579703	
1.715e-12  	-0.0639828446630196	-0.065354584368796	0.995808703462071	0.893898129198736	305.183361181792	197.11486424717	
1.72e-12   	-0.0615930172923471	-0.0580396890986084	0.996412411961112	0.895814450517562	298.079899750347	197.657557495185	
1.725e-12  	-0.0694643320239887	-0.0505587417139931	0.99630242407251	0.89749594053109	295.932102944804	199.065895797939	
1.73e-12   	-0.0623026434264996	-0.0465010467142296	0.996973436595254	0.897367512317909	297.485638666011	199.897299954082	
1.735e-12  	-0.0635121017891013	-0.04886786817039	0.996783900545556	0.896478806900351	296.572489699741	198.219755858897	
1.74e-12   	-0.058511585747489	-0.0563870243890806	0.996692980718666	0.897389070419027	296.186166916759	198.931677246714	
1.745e-12  	-0.0553986573344505	-0.0599760032987941	0.996661360640535	0.898468181614813	297.153938809286	198.344877767094	
1.75e-12   	-0.0608174765565914	-0.0625011593833402	0.996190162379165	0.897248900476456	299.765850651086	198.171029576042	
1.755e-12  	-0.0661010593901357	-0.0589440801980852	0.996070401807575	0.893494619720268	307.573315822103	197.850163221282	
1.76e-12   	-0.070397162404729	-0.0557325051355677	0.995960906560431	0.896190765480606	301.54546255322	197.65175151735	
1.765e-12  	-0.0727252556882786	-0.0521511768946252	0.995987596274964	0.897225503875162	298.261839493176	198.958122643702	
1.77e-12   	-0.0740150493785052	-0.048495614290019	0.996077280064218	0.89921814462555	299.729043469433	200.600730521623	
1.775e-12  	-0.0790556842085864	-0.0479170153272356	0.995717911075442	0.898570676484081	298.527671707017	202.430216998962	
1.78e-12   	-0.0837756218053376	-0.0427596838005075	0.995566800688135	0.89717217075639	305.751754000318	203.544095985901	
1.785e-12  	-0.0760894089839087	-0.0423474379411189	0.996201333235558	0.898530631797332	294.841082224583	203.640839219273	
1.79e-12   	-0.0773941579834396	-0.0439612478900865	0.99603089961807	0.899786617055154	292.543661327369	203.23980833237	
1.795e-12  	-0.0728511300545976	-0.0466656206238642	0.996250486926635	0.900423071924587	283.594757290757	202.879353381527	
1.8e-12    	-0.0761072945736963	-0.0475699811752138	0.995964244641173	0.901051739699465	280.640664172529	201.876675378927	
1.805e-12  	-0.0763575283066142	-0.0540424490100995	0.995614856044191	0.899316001489899	282.640462777603	201.418175835529	
1.81e-12   	-0.0759043627491851	-0.0508243877410725	0.995818964132731	0.898004789787703	283.642808244006	201.376280000365	
1.815e-12  	-0.067072955363607	-0.0434040206858023	0.996803546164989	0.89682361839791	285.493065856982	202.102641447808	
1.82e-12   	-0.0646066320493817	-0.0398250790186895	0.997115813823244	0.896116479952231	286.976801872603	202.517619459666	
1.825e-12  	-0.0671422537643693	-0.0382739050538263	0.997009040054989	0.894203993947466	298.390893092796	203.973722824631	
1.83e-12   	-0.0703081796762706	-0.031338322898383	0.997032932950826	0.894826652354603	294.321315373196	205.612095266275	
1.835e-12  	-0.0723969458927892	-0.0389287676852004	0.996615890537527	0.892836119356829	301.716670024287	207.042990940523	
1.84e-12   	-0.0680157753631352	-0.0385984997907948	0.996937315038238	0.893315205575191	302.423544937921	207.230446704017	
1.845e-12  	-0.0664481781490935	-0.0390510140289911	0.997025404853845	0.894195429668028	293.756010274707	206.448213838439	
1.85e-12   	-0.0657904519022506	-0.039678645211327	0.997044242525221	0.892111337385772	296.911465254143	205.278368593524	
1.855e-12  	-0.0685567377055435	-0.0397363883186036	0.996855552805203	0.889249463983493	305.52508972975	205.171532981886	
1.86e-12   	-0.0688069108259269	-0.0468084692919997	0.996531272075861	0.889841454921539	304.154184095116	204.227519723147	
1.865e-12  	-0.0600902261880431	-0.0385496129806811	0.997448290416957	0.890535710195035	309.678211161395	203.745471642888	
1.87e-12   	-0.0493439185431188	-0.0456504285072208	0.997738049830674	0.892774167233699	297.701571996309	203.716903118871	
1.875e-12  	-0.0511798913958203	-0.0395999750837975	0.997904033807898	0.894726583352752	296.218301753799	204.577370215603	
1.88e-12   	-0.0536535690354606	-0.042513049910072	0.99765421620775	0.896295039267114	290.566091844106	205.962986773363	
1.885e-12  	-0.0588230079932799	-0.0440022543180332	0.997298177751044	0.893344676348942	299.929194295019	207.526853871544	
1.89e-12   	-0.0597337148567368	-0.0527281838082051	0.996820757178392	0.89203413774915	304.612147515385	209.41574533196	
1.895e-12  	-0.0564591396144163	-0.0573824548157719	0.996754543221808	0.892642343343535	302.337736911452	210.75107932971	
1.9e-12    	-0.0554475064472199	-0.0645117197723304	0.996375336929213	0.895380079861008	300.477222166735	210.957860668151	
1.905e-12  	-0.0532125697085334	-0.063069631050566	0.996589506298436	0.895969068586506	302.111067289364	210.839914525339	
1.91e-12   	-0.0523097925328979	-0.0675235903531161	0.996345447297768	0.893318289816507	308.296921554845	209.908902749712	
1.915e-12  	-0.0556913041364047	-0.0654709745526893	0.996299166984851	0.894460781737231	298.900489760537	208.22248226387	
1.92e-12   	-0.0520702861024869	-0.0617801721528838	0.996730603339722	0.892284168934895	309.81766947195	206.948897728105	
1.925e-12  	-0.0458237230645544	-0.0703078147621468	0.996472276376957	0.895209817240457	304.451539134055	206.964068553704	
1.93e-12   	-0.0399703314581353	-0.0744347757653775	0.996424526374118	0.897020850615052	298.956796500115	207.053797497061	
1.935e-12  	-0.041559059405505	-0.0746576457789909	0.996342852891548	0.896522573838033	296.504594150983	207.519004178429	
1.94e-12   	-0.037125475956618	-0.0696251243790153	0.996882160082224	0.896415958868558	300.602007659032	209.366813801812	
1.945e-12  	-0.0367207593656097	-0.0651240128676038	0.997201308051505	0.8979520548401	296.312468674463	211.260893058411	
1.95e-12   	-0.0308351780398415	-0.059875706070685	0.997729468151456	0.895991174988838	299.10254765091	212.309062313023	
1.955e-12  	-0.0310823929759512	-0.0610467991134559	0.997650827276202	0.896954098038809	287.977465711943	213.507121085165	
1.96e-12   	-0.0361879812160181	-0.0502981067592209	0.998078418999202	0.899021337921039	288.534535611188	213.206141787453	
1.965e-12  	-0.0411461614327358	-0.0562015746679034	0.997571238761523	0.902240192396276	281.285116787613	213.224193697505	
1.97e-12   	-0.0337279861333608	-0.0444808331300373	0.998440723546193	0.89978034905899	287.371353864071	213.920816698322	
1.975e-12  	-0.0388677248844997	-0.0455019413525035	0.99820783071235	0.900290149599021	289.663912987397	214.475364192921	
1.98e-12   	-0.0387369956466841	-0.0483810858241534	0.998077509867217	0.90036263771923	290.428644110791	214.425825676593	
1.985e-12  	-0.0410395595089595	-0.0477613918616574	0.998015332548928	0.901183408851378	292.943491176232	213.500909885048	
1.99e-12   	-0.0427711177551038	-0.0495435305455451	0.997855736099694	0.900550630587463	295.861894642091	212.284765793182	
1.995e-12  	-0.0327217060495504	-0.0511538530259722	0.998154583856531	0.898195535098301	292.895831669155	211.702254772705	
2e-12      	-0.0353647121569186	-0.0465032004811985	0.998291935998215	0.901264146089167	287.515361969703	211.82502571964	
2.005e-12  	-0.03462562843035	-0.0477988212663564	0.998256649635428	0.8992486853524	298.291753988679	212.756379007573	
2.01e-12   	-0.0380696845054286	-0.0557689073355561	0.997717659509069	0.901979358955322	297.088854401388	214.653035220648	
2.015e-12  	-0.0369265179223812	-0.054788167583691	0.997814957277625	0.902109644037137	302.586299741771	216.575678517379	
2.02e-12   	-0.0403798455661905	-0.0561310755399625	0.997606520844154	0.901159286588182	298.607582030608	219.329821916882	
2.025e-12  	-0.0394701212695998	-0.0505159756908019	0.997943007253906	0.902612776768382	296.436889341145	220.805954155507	
2.03e-12   	-0.0401506916973712	-0.0484030993848412	0.998020571895271	0.901767682337357	301.268912072146	220.557902400058	
2.035e-12  	-0.0399217558997841	-0.0476404652127481	0.998066450433132	0.89691634837853	309.899538037128	219.435155608124	
2.04e-12   	-0.0398915854657888	-0.0500574558685928	0.997949353685341	0.896943130743864	315.105554498013	217.827055265888	
2.045e-12  	-0.0403839696715523	-0.0497100457876313	0.997946915592888	0.899820099638086	306.427948717638	217.436384235494	
2.05e-12   	-0.0261724132883882	-0.049000341450115	0.998455793373164	0.90188153000774	295.490221371874	216.738123894633	
2.055e-12  	-0.034371236242117	-0.0367185097323309	0.998734383688789	0.899545882389688	299.257289087417	216.882958426686	
2.06e-12   	-0.031641937158239	-0.0387995259540175	0.998745905923332	0.898594495598	304.815955587132	217.916020326123	
2.065e-12  	-0.0298755585217162	-0.0299470825299574	0.999104911033351	0.901491328973051	301.31233933676	219.631799036006	
2.07e-12   	-0.02777403203317	-0.0249862202566389	0.999301902300755	0.903783184129105	296.151746181068	221.30439920799	
2.075e-12  	-0.0335528120610074	-0.0333758401262105	0.998879503292899	0.902038602040793	298.89164466063	222.359214983159	
2.08e-12   	-0.0303882589966355	-0.032101521252985	0.999022545315368	0.901525212917312	291.723989007444	223.197183738425	
2.085e-12  	-0.0309223320547328	-0.0297215863218095	0.999079794954743	0.901564383358493	293.293841257323	222.785756142283	
2.09e-12   	-0.030070285037786	-0.0246359195105917	0.99924413905092	0.903571273782846	281.08507094352	222.313514134419	
2.095e-12  	-0.0362413733347248	-0.0153037089005917	0.999225880045498	0.902164609821273	292.081836056079	220.894176426119	
2.1e-12    	-0.0319314723516176	-0.014118557531567	0.99939033785938	0.903801899352285	283.676695726632	220.402067488738	
2.105e-12  	-0.0256816310192649	-0.0187149148905531	0.999494975369476	0.905260015782746	279.359103315054	221.104576167548	
2.11e-12   	-0.0250511765440661	-0.0115308055635273	0.999619667211892	0.902633628241204	282.279283334177	221.724920128639	
2.115e-12  	-0.0194950820284991	-0.0055848796235799	0.99979435430307	0.900901172638939	288.23740210016	221.966032241149	
2.12e-12   	-0.0179175284880439	0.0034657151515712	0.99983346162817	0.899712649343734	300.01062340278	223.318066064713	
2.125e-12  	-0.0193024268845256	-0.00117387485491393	0.999813001682911	0.901104112454129	292.111655091907	225.140196666829	
2.13e-12   	-0.0182784036495586	0.00100502065916012	0.999832430907049	0.905180038981525	276.146111647333	226.898231075555	
2.135e-12  	-0.0145063932450419	0.00492733447142315	0.999882636077868	0.906203367579568	281.664273827907	226.789005861559	
2.14e-12   	-0.0123347371689501	0.00491353158664587	0.999911851848112	0.902707943071871	289.437975648859	226.151647834702	
2.145e-12  	-0.00552445852380679	0.001888540155412	0.999982956741814	0.904416339964543	289.357369902745	224.937640499818	
2.15e-12   	-0.00886615753783283	0.0056954712463831	0.999944474887379	0.903602958944904	298.832913375236	222.662151801371	
2.155e-12  	-0.00455960340730517	0.00323641641720578	0.999984367690587	0.901989266417007	297.711386630494	221.136049122693	
2.16e-12   	-0.000743831384762016	0.00204344453778964	0.999997635521851	0.899149565300094	302.440388958677	221.243450612962	
2.165e-12  	-0.00475517702231194	0.00716463574025849	0.999963027459614	0.898848718364819	305.530945377859	221.89157957137	
2.17e-12   	-9.16238979789504e-05	0.00767603042181162	0.999970534646909	0.899424951200492	304.682120443741	223.074299596904	
2.175e-12  	-0.00436075742539044	0.00725012596531073	0.999964209093588	0.898678171918261	309.86640919359	224.994235297077	
2.18e-12   	-0.00277165895302386	0.00226005162910128	0.999993605016193	0.901040137569737	299.964347189931	226.879287901644	
2.185e-12  	0.002779847200417	0.00310082661560495	0.999991328624325	0.901468822043182	300.010714657903	229.157556205866	
2.19e-12   	0.00902845470151881	0.000943750816160424	0.99995879732122	0.901514555253489	303.439532411948	230.975585940415	
2.195e-12  	0.00877027333188425	6.68708990983458e-05	0.999961538177327	0.900248595737973	298.397910263248	230.352608102455	
2.2e-12    	0.00976257092933789	0.00333044841164894	0.999946798745927	0.90022261967703	297.833424342467	229.024205089596	
2.205e-12  	0.0135925640035039	0.00200830143795621	0.999905600008893	0.898175790751743	304.716613082459	227.437150075064	
2.21e-12   	0.0161632295878979	-0.000316382059341966	0.999869316416741	0.899654808762429	303.226356574773	224.895170179473	
2.215e-12  	0.0135126887397994	-0.00833713774867576	0.999873941743248	0.900068555927457	296.955870590578	223.486610210752	
2.22e-12   	0.0130511491437492	-0.00089916816208848	0.999914425839854	0.898613869317069	301.516681166719	223.043532646726	
2.225e-12  	0.0197433050028404	-0.00505157305526913	0.999792320193165	0.899679185747198	295.717349968334	223.69763895333	
2.23e-12   	0.0188581789800597	-0.00801666947361953	0.999790029004144	0.89981661774647	305.166612047943	226.006313454224	
2.235e-12  	0.0191456414661603	-0.00441594662102482	0.999806953280627	0.89873969387292	307.911020159872	228.400074133576	
2.24e-12   	0.00934260448846017	-0.00789166089584608	0.999925215918509	0.899800687982985	298.223400855581	231.320205909917	
2.245e-12  	0.0113846481757431	-0.00126766251796182	0.999934389256443	0.900226316409326	302.330795156644	232.704988627445	
2.25e-12   	0.0162470243956405	0.000921327419553143	0.999867583910026	0.901962010956914	299.317584166352	232.54605603094	
2.255e-12  	0.0181541815215477	-0.0010918467014045	0.999834603103965	0.903766165314636	294.524715558525	230.864284668673	
2.26e-12   	0.0130778056038132	-0.00308655434659941	0.999909718016009	0.904620785075552	294.402427029703	229.284151555521	
2.265e-12  	0.0158773946493251	-0.00426500334511721	0.999864849910034	0.906079072214711	290.999808233227	228.205691106447	
2.27e-12   	0.0132912984761062	0.00122101462363324	0.999910921286545	0.906098356086359	291.92214794449	227.169574610179	
2.275e-12  	0.0134366554351759	0.000809403284943213	0.99990939647402	0.906177956626013	288.977434603174	227.53116436667	
2.28e-12   	0.0114526611600199	9.87578690982468e-05	0.999934411248676	0.902485055267089	295.003329852292	227.936016230297	
2.285e-12  	0.00946198904958312	-0.000768195433613556	0.999954939304267	0.90169583999665	304.602965300442	229.057912238464	
2.29e-12   	0.00789493767263347	-0.00658222999556072	0.999947170708248	0.900462252961179	308.313503051498	231.604163092213	
2.295e-12  	0.0083691162963336	-0.00618698157406067	0.999945838108955	0.903918244912585	299.339623698799	232.988862406549	
2.3e-12    	0.0118153449829147	-0.0081253872251646	0.999897182566976	0.902112509539446	303.263294321196	232.838202659699	
2.305e-12  	0.0137823314521578	-0.0128764109044265	0.999822106867998	0.903782459482316	294.970981327918	233.072465087139	
2.31e-12   	0.0154039745251711	-0.00728731355596291	0.999854795772849	0.905314556096378	292.683437505482	231.96910065347	
2.315e-12  	0.0128030893762578	-0.00881642673315641	0.999879168460911	0.904423056179871	293.948070446401	230.961325966477	
2.32e-12   	0.0132118743213101	-0.00607109456972489	0.999894288506362	0.904372654298178	294.147764133428	230.586935732762	
2.325e-12  	0.0113017931073995	-0.00206320064894112	0.999934004160094	0.903821017667041	296.536635999633	229.667066138573	
2.33e-12   	0.0106942822396285	-0.00378234327002706	0.999935661033632	0.904091293197142	298.3396624322	229.10138171352	
2.335e-12  	0.0139394211175357	0.000610843496513859	0.999902654966538	0.902736172485264	298.940836786819	230.524097517176	
2.34e-12   	0.023589513378926	-0.000564850612753165	0.999721569139293	0.901351348843642	300.658718643326	231.636794420127	
2.345e-12  	0.0251659565535189	-0.00267898414573834	0.999679697540514	0.901002278585933	303.500018858748	233.003022462824	
2.35e-12   	0.0340481049028419	-0.00038358769393816	0.99942012157701	0.903946404906199	297.761528445227	234.167601568297	
2.355e-12  	0.0299575669283707	0.000916290733126037	0.999550751385353	0.903151789435562	298.805054778472	234.17837880231	
2.36e-12   	0.0273489533824639	-0.00371012464521353	0.999619062305237	0.903003277780222	300.477231105769	234.39719186269	
2.365e-12  	0.0252228636663569	-0.00214415653930888	0.999679553527631	0.900960326363961	311.100998009318	234.749781352635	
2.37e-12   	0.0199609785704485	-0.00689558293823399	0.999776980266325	0.901846772931599	304.91142461425	234.26554826312	
2.375e-12  	0.0197401183444512	-0.0066240926588192	0.999783201061207	0.899649266720898	305.635772955515	233.279763067296	
2.38e-12   	0.0175666940031578	-0.00573194019695227	0.99982926348621	0.901301934794297	299.484798261847	233.651653774555	
2.385e-12  	0.0183105893126153	-0.00605718079197792	0.999813999141779	0.90021660678184	301.66195759985	233.499516136743	
2.39e-12   	0.0181297833100625	-0.00317704426356272	0.999830594324297	0.900180600923905	303.688590452414	234.295044883651	
2.395e-12  	0.015082724243711	-0.0063264908856509	0.99986623452463	0.900869155192625	299.894336713837	234.554843082585	
2.4e-12    	0.0111872071534884	-0.00592854076883212	0.999919846187912	0.901000864012733	297.426251691995	235.050401956664	
2.405e-12  	0.00401378940419386	-0.00687174012887372	0.999968333839737	0.904393360128836	287.620973054629	235.627326986029	
2.41e-12   	0.00396857745437838	-0.00324897556093536	0.999986847188898	0.898975014929203	299.104284182952	235.298284537814	
2.415e-12  	0.000325965222221109	-0.00843503302672854	0.999964371347555	0.901405212188046	295.850536430532	235.91641369784	
2.42e-12   	0.000371854833727331	-0.00567889188366215	0.999983805824353	0.90474496840151	293.793825014619	235.809693702069	
2.425e-12  	-0.00248604334078125	-0.0043979262711988	0.999987238835087	0.904124967950135	292.740464969711	236.161301786985	
2.43e-12   	0.00205181016198683	-0.006164439965412	0.999978894654768	0.903059859186768	287.179342317751	236.626771342115	
2.435e-12  	-0.00265017242463807	0.00559582175254632	0.999980831498801	0.902841725694085	288.463460534703	237.163245598435	
2.44e-12   	0.00190912589031464	0.00781929919809985	0.999967606374519	0.899312151900036	296.440490675948	236.909779565519	
2.445e-12  	0.0132373006417132	-0.00327308824507407	0.999907026060454	0.899602186679241	293.987169469623	236.949420339402	
2.45e-12   	0.0234101929343718	-0.00449437223772395	0.999715841369418	0.899429502878828	303.288586221226	236.892987183561	
2.455e-12  	0.0262275123061617	-0.0128177931553309	0.999573820073764	0.899100992017963	300.02482310236	237.639662523204	
2.46e-12   	0.0298411130626437	0.00279797053289661	0.999550738748204	0.899011125632811	301.658318103857	238.557612385858	
2.465e-12  	0.0258765140441652	0.00231719067562704	0.99966246135798	0.897312654345486	302.493900116616	239.064551582652	
2.47e-12   	0.0315124851831452	0.000867276407923674	0.999502982041181	0.895599851457857	310.802327374449	239.331802289869	
2.475e-12  	0.0289311993898013	-0.00235438629564562	0.999578632508238	0.898857551495084	292.777175750331	238.554729509585	
2.48e-12   	0.0287983186102226	-0.00214173563568097	0.999582947940635	0.899374899512145	296.159900859718	237.214768236633	
2.485e-12  	0.021723853419556	-0.00387167569222949	0.999756512516893	0.897982446015651	301.495519421215	236.985565590855	
2.49e-12   	0.0149153319126463	0.00456946356445833	0.999878319035206	0.899889655576734	291.992330895268	235.479381377201	
2.495e-12  	0.0168491506201209	0.0124345342927513	0.999780720198336	0.895888716317674	304.646061202236	235.522170180628	
2.5e-12    	0.0170221709660061	0.0146725580757027	0.99974744897655	0.896752521179648	300.38123155068	235.874631775296	
