#----------------------------------------------------------------------------------------------------------------------------------------------------------
# Output file for vampire simulation
#   time       : 2024-05-07 10:06:46     process id : 66740
#   hostname   : UOY22M030
#   path       : /Users/mss555/Dropbox/vampire_github/vampire-mara
#   version    : 6.0.0
#   githash    : 71852b58f5ad0177f16cc65dce29044e3213d846
#----------------------------------------------------------------------------------------------------------------------------------------------------------
5e-15      	0.00731688287560015	0.00496112658162503	0.999960924460564	0.972606718583523	113.376948119952	1.71358238464926	
1e-14      	0.0103237358062195	0.00551600171659714	0.999931494755549	0.954666122786705	184.103638313542	3.21239138435651	
1.5e-14    	0.011960036548839	0.00402018406784023	0.9999203946544	0.941824914256496	227.297895866275	4.29020574182446	
2e-14      	0.0107851360084173	0.00139548842688366	0.99994086497819	0.937565811188194	238.309145285991	4.9073736562068	
2.5e-14    	0.00867544682366731	0.00588742139224078	0.999945035935356	0.930842334413963	252.840977497836	5.17810333133282	
3e-14      	0.0136711259091823	0.0100961111842054	0.999855573998231	0.925116565429325	267.49984723396	5.13287124266813	
3.5e-14    	0.0121509556223488	0.0123578886636054	0.999849807153675	0.921402148999413	279.04719654702	5.33911927217895	
4e-14      	0.0139092699614969	0.0149535728963302	0.999791439684684	0.919452015803055	279.745906390908	5.72586847522184	
4.5e-14    	0.0141463040315206	0.014538568403914	0.999794234885865	0.915529327597594	282.082568277488	6.40379768708765	
5e-14      	0.023923187639632	0.0111419628539772	0.999651708224879	0.913431754494719	293.097837513472	7.62010774295099	
5.5e-14    	0.031220181403684	0.0164651843168926	0.999376904865493	0.916816207272934	286.440074425184	8.98602560678122	
6e-14      	0.0342795867369176	0.00893127233429505	0.999372374196744	0.915232362639458	286.104585258358	10.5231683878706	
6.5e-14    	0.0351031729231893	0.00811982716969116	0.999350707038054	0.913785815469306	292.048872678456	12.3155857082357	
7e-14      	0.0332378933665691	-0.000919129777500446	0.999447045943408	0.910588911124363	297.643679407483	13.6375925818158	
7.5e-14    	0.0299310735876452	0.00287225490819063	0.999547838267701	0.912241885149851	293.800817410673	14.5278018726375	
8e-14      	0.0239560982651854	-0.000151658837883714	0.999712999993251	0.910109965076824	297.879182765771	14.994869823	
8.5e-14    	0.0137797057023522	0.000983186313111499	0.999904571974461	0.908510307256795	296.034045979677	14.8368732419086	
9e-14      	0.00569870371267373	0.00455693817534947	0.999973379190897	0.907700948729193	296.618382456535	15.3864519350882	
9.5e-14    	-0.00721395771495376	-0.00185837687109351	0.999972252239777	0.905301258547496	305.15729404825	15.4938328280281	
1e-13      	-0.00512847692716956	0.00636374326547832	0.999966600190256	0.907322588523919	298.029201532972	15.7912711217027	
1.05e-13   	-0.0157207694230623	0.000209166967267053	0.999876399190383	0.906462947090842	300.339756628066	16.8170469210834	
1.1e-13    	-0.0134119022545925	0.00274774801744941	0.999906280987746	0.904388656063124	306.419458509171	18.0307406065086	
1.15e-13   	-0.0216509807163922	0.00480161320248705	0.999754059528978	0.903683687446118	311.983768107913	19.492046522863	
1.2e-13    	-0.0175317351692848	0.0123143514896323	0.999770471162928	0.90356879823121	304.467560374358	21.0022744959423	
1.25e-13   	-0.0118347179208416	0.0114267238435531	0.999864675560617	0.90582202936321	300.204724535006	22.403587876456	
1.3e-13    	-0.0138881368717547	0.0132935339689061	0.999815183725897	0.908352173167265	295.620519869895	23.4580747409286	
1.35e-13   	-0.00968948583211874	0.0075794933988049	0.999924329709067	0.907033902602908	298.095660226457	24.0966484170908	
1.4e-13    	-0.0115296608595284	0.0143989771697125	0.999829853713586	0.906284527200088	296.694769046841	25.0522523073836	
1.45e-13   	-0.0170046061062021	0.00823022535642781	0.999821537456438	0.906903730999311	297.87813742168	24.9571428196831	
1.5e-13    	-0.0206413520425833	0.0131459154148705	0.999700514901217	0.906648921528392	287.787732899547	24.6884437536201	
1.55e-13   	-0.0216998655043391	0.0154781240707338	0.999644708640197	0.904897820276221	286.210330060727	25.1511810915701	
1.6e-13    	-0.0224760541389923	0.0271843695043134	0.999377724909353	0.903985289604928	289.416738162911	25.8009937612957	
1.65e-13   	-0.0139247947160301	0.0258173516874834	0.999569689638477	0.904554574546152	294.847170267828	26.7452525005922	
1.7e-13    	-0.0103291434554719	0.0273894836599938	0.999571470671465	0.904530695290944	293.403214775289	27.8862824385568	
1.75e-13   	-0.013523806046824	0.0307475825538204	0.99943568719408	0.900066178381994	303.301630044941	29.3372167891421	
1.8e-13    	-0.0223424354283582	0.0258132884347622	0.999417074958855	0.899880956006742	307.40714293535	31.0872722264234	
1.85e-13   	-0.0213966808246158	0.0263491900590371	0.999423785104658	0.89984196891254	304.844166595952	32.7561880751369	
1.9e-13    	-0.0265365187126726	0.0332644253904753	0.999094235384257	0.899994291710816	300.277773488567	33.6753737478258	
1.95e-13   	-0.030122845623311	0.0346045807015305	0.998947014193458	0.89844011043594	304.858566432857	34.4906345948009	
2e-13      	-0.0286094546896193	0.0347695431733023	0.998985774658419	0.897378115569315	310.729134858001	34.6001274773065	
2.05e-13   	-0.0261891042492051	0.036314849309962	0.998997178443572	0.895936594221011	311.830256130026	34.7394527692788	
2.1e-13    	-0.0235793583049853	0.0292129339945887	0.999295060704972	0.896220341114394	305.300099183936	34.8731390550422	
2.15e-13   	-0.0220565759797342	0.03041261929047	0.999294040832799	0.897720313299934	310.863248159981	34.793512009251	
2.2e-13    	-0.0194860253235419	0.0277317100416506	0.999425458488654	0.897812962598403	304.66967978069	35.1314127780833	
2.25e-13   	-0.0188649283573726	0.027144583601682	0.999453493695011	0.90040959936756	296.849105564116	36.3775241422124	
2.3e-13    	-0.0160758748355414	0.0314111017054704	0.999377260566759	0.903028935960963	287.29209750867	37.8270882541709	
2.35e-13   	-0.018421978748169	0.0357944183242817	0.999189366594655	0.899238915028292	297.682902072497	39.6660255829566	
2.4e-13    	-0.0122654079534958	0.0316989691932165	0.999422200633857	0.90020185794371	293.135578970651	41.2596927074002	
2.45e-13   	-0.0135339115223645	0.0353953754224347	0.999281742371795	0.901149162214227	295.414906779905	42.6147456573145	
2.5e-13    	-0.0167190630724396	0.0363109676700229	0.99920067381725	0.902413172276399	290.225013788051	43.7162089378839	
2.55e-13   	-0.0129365117236787	0.0309459389934299	0.999437339468682	0.901146915606151	294.10082695829	44.1499127497145	
2.6e-13    	-0.0138858059662796	0.0436152064134031	0.998951899824102	0.902221460501411	294.35581318889	44.1278564174397	
2.65e-13   	-0.0143989187393441	0.036204772235624	0.999240654500458	0.900037885032713	302.043600486626	44.1980006461279	
2.7e-13    	-0.00575700334358525	0.0340555540121113	0.999403360087122	0.899773519474026	298.074044182187	44.2012175523001	
2.75e-13   	-0.0102032326483594	0.0377815032511	0.999233932598173	0.902367724112457	287.688229638492	44.7861902459947	
2.8e-13    	-0.00906017623826935	0.0386460104640922	0.999211888981381	0.899783349353401	299.039821775551	45.4786318792373	
2.85e-13   	-0.00545107412230068	0.0343650970482671	0.999394479620423	0.900997283969974	294.481535871516	46.1176084443019	
2.9e-13    	-0.00137717904275689	0.037904948495332	0.999280400216801	0.901844562337732	292.104935232538	47.4393210603443	
2.95e-13   	0.00280026430678613	0.039004624067438	0.99923510637946	0.904036407355683	292.132916500553	48.6870260995969	
3e-13      	0.00824993195729466	0.0390291981792934	0.999204013358724	0.902324490642826	296.333281697209	49.6111516160126	
3.05e-13   	0.00292346871676296	0.0411184257083675	0.999150002951472	0.903085671595272	292.25119189793	50.7654842054557	
3.1e-13    	0.00385786191510957	0.0431819354529064	0.999059776666034	0.90007361739505	300.833945004001	51.8979997615671	
3.15e-13   	0.00977889904033905	0.0378523704555968	0.999235493357022	0.90354539782956	294.141113141541	52.710311566652	
3.2e-13    	0.00357826313033498	0.0353467103868532	0.999368703781441	0.899478310097394	299.932552390664	52.8971027840131	
3.25e-13   	0.00869978483722202	0.0419201898207174	0.999083085348351	0.900287892907688	295.925554930364	53.2711416224275	
3.3e-13    	0.00228460744347685	0.0397136475407197	0.999208490139991	0.899554838303925	305.667756299338	53.6738204123152	
3.35e-13   	0.000906723583680286	0.0407828484638993	0.999167622135302	0.899252492995115	301.649579937019	54.0483207661278	
3.4e-13    	0.00893169403897384	0.038090435317639	0.999234378701467	0.901079037638829	303.951647640849	54.8860724320185	
3.45e-13   	0.00776076363180011	0.0408618477534683	0.999134665571175	0.899362051509582	303.950834283153	55.4434093401676	
3.5e-13    	0.0126688031999073	0.0406152509015907	0.999094541482278	0.899386933817456	303.027994840363	56.190320586742	
3.55e-13   	0.0171491504778826	0.0494248075615392	0.998630609903077	0.89964851106622	298.967952067662	57.6176383936425	
3.6e-13    	0.0166361862578731	0.0517289710248396	0.998522584052812	0.902271644031921	291.555953723761	58.4441526635663	
3.65e-13   	0.0124578408241952	0.0599252638258937	0.998125124900379	0.902688664262495	286.159547945541	59.1273865781618	
3.7e-13    	0.0123081104184859	0.0594929471867796	0.998152843833527	0.904275017963185	281.351684618837	60.4083795754966	
3.75e-13   	0.0207547414290756	0.0569693860502329	0.998160172397833	0.902270596921597	290.882273409182	60.9894310911668	
3.8e-13    	0.0205186842519576	0.0511389806663342	0.998480740051092	0.900523562659005	302.236009466172	61.6945639196802	
3.85e-13   	0.0257646752159024	0.0495380251089513	0.99843986578027	0.897784668438728	301.473662902357	61.8097917322334	
3.9e-13    	0.0172444689841723	0.0434620466950036	0.998906241239154	0.900579729081496	298.965574329269	61.9504252153449	
3.95e-13   	0.0171933813231462	0.0421477031098313	0.998963442154538	0.901147594932768	291.027420186836	62.6124962328617	
4e-13      	0.0133452392856351	0.0402592357984981	0.999100144390606	0.898965629209218	294.155684089557	62.7377188021809	
4.05e-13   	0.0112129203409549	0.0509812936049187	0.998636659711527	0.898289854553816	299.922423894368	63.3877407599127	
4.1e-13    	0.0112273205271549	0.0486295608722202	0.998753780009445	0.897081649600186	297.501958014743	64.1239621350787	
4.15e-13   	0.0182726846393947	0.045978078738807	0.998775312706295	0.898353459813374	294.642691967904	65.7179335341969	
4.2e-13    	0.0103432518753756	0.0458066990169679	0.998896773178196	0.898934679701199	293.79487657902	67.0647754124545	
4.25e-13   	0.0167861686932759	0.0479423699780784	0.998709043566486	0.899737685193892	292.435750059588	67.9928896368196	
4.3e-13    	0.0142945951297423	0.0497263091152033	0.998660582346102	0.89969993687232	294.466057400277	68.9133256790296	
4.35e-13   	0.00762034860678099	0.0544326575942197	0.998488365517767	0.901868226348135	288.16239032631	69.6321633351991	
4.4e-13    	0.00740350925061364	0.0618196205597778	0.998059879248045	0.901174498705237	288.438908128042	69.7675949889441	
4.45e-13   	0.00869725160524647	0.0644740170079799	0.997881485420673	0.901907934216657	288.454129492702	69.8650732328817	
4.5e-13    	0.00802583719949663	0.0593522408670875	0.9982048374163	0.901260400864849	293.404094202608	69.6408319525399	
4.55e-13   	0.00637308422648574	0.0632104406182863	0.99797987153764	0.901933290811358	291.093315579411	70.2997807525853	
4.6e-13    	0.00893321506110177	0.0626439506809924	0.997995958464637	0.902307313955459	293.823871403396	70.8994805254287	
4.65e-13   	0.0175823891414473	0.0647789773219558	0.997744728720328	0.904570302153646	289.949638648197	72.3648771622729	
4.7e-13    	0.0165524814625283	0.0632744945062156	0.997858884663766	0.903262879161975	291.943455117204	73.0247404295687	
4.75e-13   	0.0119144405194908	0.0681975053272251	0.997600694854535	0.904187037776929	289.449699549711	73.9147299547565	
4.8e-13    	0.0172503415382383	0.0761064100957982	0.996950470213613	0.902273435712257	291.660709107623	75.7506208245581	
4.85e-13   	0.0153222612109256	0.0728404302735186	0.997225902205189	0.900881863588245	289.434717290787	76.6436469348864	
4.9e-13    	0.0252843575956371	0.0761434210958778	0.996776244041155	0.898963503124468	289.680049788884	77.2418975471569	
4.95e-13   	0.032562259009088	0.0744638943704107	0.996691942238632	0.900262267177792	289.357304793263	77.657801482985	
5e-13      	0.0332482731179119	0.0772397154763608	0.996458016520419	0.899709542170287	293.572588764132	77.7610022423897	
5.05e-13   	0.0312089816070515	0.0712082762648228	0.996973109395857	0.898789141630469	292.684413281699	78.196646272805	
5.1e-13    	0.0266273166114647	0.0709876383786256	0.99712172837999	0.899190962975792	296.891303298145	78.8388832026423	
5.15e-13   	0.0331827460043121	0.0679771188062361	0.997134903955536	0.898680294234918	298.978923830037	78.9394649258009	
5.2e-13    	0.0391249588841746	0.0671764807059209	0.996973699769597	0.896772373098401	304.175981840995	79.620955759253	
5.25e-13   	0.0412713853587439	0.065184119653438	0.997019409688486	0.89762280067198	303.227342059149	80.5015476524483	
5.3e-13    	0.0368023903054552	0.0698891596651837	0.996875663976757	0.898670503096113	290.03588697958	80.9753751821625	
5.35e-13   	0.0378575246692653	0.0692271121320354	0.996882347507355	0.90056650649642	286.743167778857	82.1461568182664	
5.4e-13    	0.0390927172577465	0.0702271209854063	0.996764721955742	0.901891728325643	285.087467647566	82.9405707427648	
5.45e-13   	0.0324809357441874	0.0667475787236266	0.997241068923515	0.898086874877964	291.081060678605	83.7341437993772	
5.5e-13    	0.0330933228021013	0.0720990343507306	0.996848314053652	0.898172167430877	288.670065130963	84.1990670086038	
5.55e-13   	0.0412487237097602	0.0756069616260975	0.996284161344536	0.898067909995459	286.066106239602	85.0810224180297	
5.6e-13    	0.051253226420622	0.0782383925780432	0.995616322037903	0.89819388889513	285.856538042748	85.4561822787523	
5.65e-13   	0.0456794733793252	0.0753486510842593	0.996110418824926	0.901048673962815	271.52735790705	85.6258713580761	
5.7e-13    	0.0446798179555688	0.0804473593155548	0.99575696645648	0.898038370438235	286.602123648041	85.912056423983	
5.75e-13   	0.0437248690582516	0.0815916102990773	0.995706254351474	0.897835160248608	289.882979501372	86.9109260768463	
5.8e-13    	0.0396583073968823	0.0803512798827175	0.995977354398996	0.896275483492481	297.637632535009	87.5891853931794	
5.85e-13   	0.044417666752274	0.0804204481762875	0.995770868420747	0.897346848100142	301.721103929707	87.8124912994823	
5.9e-13    	0.0432688647757421	0.080061220021348	0.995850393578128	0.896943461322135	303.595382840897	88.9206028153312	
5.95e-13   	0.0461090963689404	0.0782616269703009	0.995865989466455	0.899749412873582	298.229681123345	90.1325815001612	
6e-13      	0.04905344720965	0.083741151011893	0.995279447664852	0.901770963618105	292.788924097471	90.660056441547	
6.05e-13   	0.044465146459643	0.0831491601706639	0.995544608700803	0.898665917806301	295.398696161237	90.1575479219814	
6.1e-13    	0.0429736555140027	0.0852712201237904	0.995430602277408	0.900046985106012	302.883920710867	90.4904954921864	
6.15e-13   	0.0365407724251378	0.0914919572772835	0.995135163535158	0.900762251910781	300.126127696733	91.7082011840965	
6.2e-13    	0.0370030351788889	0.0895489441504358	0.995294811595586	0.899379180231544	304.040266333449	92.0208299613623	
6.25e-13   	0.047280004168876	0.0979071712731257	0.994071821861522	0.901306700759475	296.772054614305	91.9984671094581	
6.3e-13    	0.0463400764795862	0.101674950787082	0.993737793230342	0.902508972266696	293.350728976258	92.2079814148861	
6.35e-13   	0.0464107742222333	0.107421263242753	0.993129755993357	0.898546173829846	302.296571550619	93.6426446975488	
6.4e-13    	0.039240412328181	0.11089521198683	0.993057119202471	0.896897173010848	311.703651308854	94.7378528589251	
6.45e-13   	0.0490027771944363	0.109840248491628	0.992740574187703	0.89882105930868	301.817515216672	95.903968696982	
6.5e-13    	0.0493949872984635	0.117223655071827	0.991876378346307	0.898970553839889	302.90096905363	96.3440206450206	
6.55e-13   	0.0503043589680696	0.11049296476508	0.992603030524406	0.899154833729852	298.357675112317	97.3062243496826	
6.6e-13    	0.0542313631659062	0.10657715422142	0.992824390034427	0.901342065301064	288.006963511176	98.0418305159427	
6.65e-13   	0.0548339787396096	0.103050452898761	0.993163550948656	0.901407760612881	288.273488692506	98.0406938209541	
6.7e-13    	0.0616594737527079	0.0943697129720947	0.993625918829669	0.898746713247097	296.978512818617	97.7925779657656	
6.75e-13   	0.0612192122396175	0.0926491031789323	0.993815049057369	0.895873809643763	303.842438626377	98.0258570533723	
6.8e-13    	0.0639710470792516	0.0913255194684571	0.993764234931707	0.895802250772852	305.027352252229	97.7045394532713	
6.85e-13   	0.0608415850783011	0.0877847923330062	0.99427970499262	0.897914709554384	297.495925721236	97.7900248805444	
6.9e-13    	0.0653846399681515	0.0943186417905515	0.99339259241602	0.900960559916661	289.901667020561	98.2686647061761	
6.95e-13   	0.0507872797279253	0.101567221863696	0.993531454791809	0.898775904944961	297.807480528943	99.2488942229252	
7e-13      	0.0573302955483885	0.106437087982661	0.99266529279214	0.896079012192569	305.415101740029	101.067204778802	
7.05e-13   	0.0598302994486769	0.107627532728907	0.99238936384192	0.898238263013434	303.017070474679	102.906114697527	
7.1e-13    	0.0654323687907456	0.112515607115719	0.991493239144783	0.902755096993096	290.742445008766	104.485513819817	
7.15e-13   	0.0536775809751144	0.114934773273441	0.991921728360279	0.903670335542524	280.122713035195	105.235515507338	
7.2e-13    	0.0617039163694414	0.120051026882779	0.990848312129088	0.90159101282259	290.80411632446	105.492865987645	
7.25e-13   	0.0724771273627711	0.113301702862096	0.990913613862374	0.900537069286611	292.245451549699	105.415911189459	
7.3e-13    	0.0781195473784081	0.115231901267628	0.990262058875145	0.896533260139456	301.647961720955	104.974398323184	
7.35e-13   	0.0826139336984444	0.106447483555843	0.990880351608355	0.898770904366912	291.009419690435	104.945479270569	
7.4e-13    	0.0928727950703002	0.102772395687781	0.990359772315306	0.897405936927149	299.328461299291	104.934681986291	
7.45e-13   	0.0891199576102562	0.105436424342966	0.99042455218826	0.898629207555465	291.441346202605	104.921984307369	
7.5e-13    	0.0807099845668118	0.107212312911121	0.990954801366577	0.899940757623604	287.927803453861	105.574022823864	
7.55e-13   	0.0779435508659465	0.110141861514268	0.990854970831039	0.899402336443737	288.289442560808	107.635288780299	
7.6e-13    	0.0714474778931682	0.108308806567466	0.991546499324483	0.897813411332608	296.383086844439	109.814876856621	
7.65e-13   	0.0718956393626441	0.10874699506953	0.991466140674498	0.89803771182821	296.930761050019	111.431118706653	
7.7e-13    	0.0722323157062761	0.112184604952084	0.991058578984842	0.899947485779053	300.731507697416	111.182456583365	
7.75e-13   	0.0754320348429245	0.113197857259144	0.990704927428644	0.897772228951062	304.68654079299	110.852410966996	
7.8e-13    	0.0818382103427758	0.115238269217324	0.989960932883559	0.900745812586814	296.811660409791	111.592441995307	
7.85e-13   	0.0731172324882392	0.118440419080641	0.990265488362218	0.902940608651303	297.75406682704	111.422149839937	
7.9e-13    	0.0776183922488925	0.116663695638221	0.990133812827706	0.900865553042881	297.332272303894	111.532128737336	
7.95e-13   	0.0814954834266591	0.116049669340848	0.989894418828056	0.898039162969172	308.123805916411	111.81629502518	
8e-13      	0.080063771861749	0.113074125706869	0.990355509163703	0.90134249841263	298.536397889961	112.801345266045	
8.05e-13   	0.0741927634719167	0.114407110928073	0.990659601890322	0.90070410668231	301.901018595127	113.403710996781	
8.1e-13    	0.0778864551896035	0.105401501859475	0.991374915712398	0.902679076001794	300.327157679725	113.979379095852	
8.15e-13   	0.0812529480608148	0.0959877669411079	0.992060636770296	0.902728597750342	297.184249744702	113.828676062511	
8.2e-13    	0.0808884111834828	0.0941455697556684	0.992266938193343	0.903273895871891	297.083592905749	114.354449680182	
8.25e-13   	0.086208476570155	0.0942075033789045	0.991813009026685	0.904558396377276	297.997050589593	115.732908565604	
8.3e-13    	0.0892994551742393	0.0902532678342581	0.991907231020533	0.904715346854264	293.765518814789	116.499081663137	
8.35e-13   	0.0894015979856516	0.0919439153192727	0.99174274422018	0.904051306381439	293.856063783718	117.261060054861	
8.4e-13    	0.0984541610692142	0.0875949528662762	0.991278922604789	0.901990832235783	301.65262171622	118.320238173341	
8.45e-13   	0.0900388334954009	0.0868365687573609	0.99214536172339	0.903310109709831	296.186064616577	119.305320628048	
8.5e-13    	0.0904776058550953	0.0822954202558402	0.992492451680941	0.89997617466887	304.929421716203	120.146126401143	
8.55e-13   	0.0839627505211269	0.0850147434753217	0.992835711443113	0.899745467630916	304.230023648609	119.827979809424	
8.6e-13    	0.083343607061282	0.0836035071724292	0.99300770226141	0.900826625551357	298.157854720644	119.735199742753	
8.65e-13   	0.087889703622991	0.0798359937903787	0.992925784785834	0.901930915145462	299.619938072123	119.143819524744	
8.7e-13    	0.0885454170339947	0.0828162211700933	0.992623384085516	0.89971864855873	303.433002150779	118.725712070631	
8.75e-13   	0.0873335154271901	0.0836240538789454	0.99266302172287	0.896931809258318	307.109172316163	119.023739080383	
8.8e-13    	0.0957572454622675	0.0810509457911058	0.992099437620971	0.898877517832466	304.087474995112	119.603608956735	
8.85e-13   	0.102958785128944	0.0813258467396584	0.991355433342073	0.898259249478046	301.635217802913	121.157195679929	
8.9e-13    	0.109449598601266	0.0852600792929272	0.990328987884827	0.900257267505155	296.918895167613	122.729806503686	
8.95e-13   	0.102570506010977	0.0830279413233776	0.991254584986246	0.901423492135396	287.917654437937	123.861033644965	
9e-13      	0.105063733572474	0.0862804084882115	0.99071555100287	0.901189435537623	289.005550766338	125.174290866499	
9.05e-13   	0.0988576570547944	0.0947001482484881	0.990585203585916	0.900111020026959	293.541255113166	125.318622036495	
9.1e-13    	0.100082278926575	0.0916413106275511	0.990749921842706	0.901137339746405	285.183944932131	125.541809704216	
9.15e-13   	0.0961098110835901	0.0887058643064274	0.9914101945467	0.900798717104187	282.352410884805	124.719586886081	
9.2e-13    	0.0872041018933294	0.0869188508912812	0.99239133308021	0.899503326844189	288.145701550055	124.612510185539	
9.25e-13   	0.0834490784603928	0.0867333550967257	0.992730364408068	0.897181839884665	292.279113720122	125.020710843017	
9.3e-13    	0.0835554512285926	0.0882783014987899	0.992585224579973	0.897563681403532	292.325835877465	125.561896138815	
9.35e-13   	0.0880516916752808	0.0875732944535856	0.99225894689424	0.898794905661344	289.999584016964	126.281549288075	
9.4e-13    	0.0961729678187567	0.0840567457131455	0.99180906618212	0.895385779872446	302.783593633871	127.08430693783	
9.45e-13   	0.10313116150251	0.085453373386768	0.99099025449495	0.898664620849186	293.180775675911	128.287627290466	
9.5e-13    	0.109354484997661	0.086867915029434	0.990199758609007	0.89819537483762	299.901997273341	129.538791020834	
9.55e-13   	0.109126889130219	0.0783387234373293	0.990936106153656	0.896023792656467	310.864785469947	130.11409761532	
9.6e-13    	0.103149819122924	0.0791450954597328	0.99151206179228	0.896063546271053	308.349494855075	131.026549395464	
9.65e-13   	0.112104616853569	0.0828249114697819	0.990238652507635	0.895534915571343	308.289473809854	131.36488789138	
9.7e-13    	0.117658399082504	0.0827551288293489	0.989599964519896	0.897860724655814	295.106222286098	131.224163754364	
9.75e-13   	0.115978535657494	0.0797298353623398	0.990046530532701	0.897748404256291	300.198959969091	130.798745614108	
9.8e-13    	0.118090972253987	0.0801717950756089	0.989761085083902	0.898563369976091	293.887969894589	130.116428711206	
9.85e-13   	0.120396567189037	0.0810862050344662	0.989408759796579	0.900966964276142	288.022541987214	130.935623342801	
9.9e-13    	0.130946655503986	0.0786297655644521	0.988266327150531	0.899885864146312	295.791897533731	131.434038441598	
9.95e-13   	0.131900276663886	0.0803172277932761	0.988003775263837	0.899334105480905	293.347480406243	132.86377231609	
1e-12      	0.134864111964922	0.075466937725845	0.987986038673724	0.899047093328323	292.737307936004	133.667529833679	
1.005e-12  	0.133796529837576	0.0740062950274838	0.988241649041229	0.900298412562182	291.377902407389	134.994415144051	
1.01e-12   	0.133644617132493	0.078732114293158	0.98789694325392	0.899372860939112	292.810279073555	135.893816011139	
1.015e-12  	0.137514509353051	0.0889275355155252	0.986499697488309	0.900467732273729	294.037246633193	136.08780766609	
1.02e-12   	0.141134446697072	0.0915821217060103	0.985745293135776	0.902094419985115	289.690249540882	137.316790606777	
1.025e-12  	0.141954447326962	0.0932091070787749	0.985475010967642	0.898286859768512	296.794631882728	137.779339986469	
1.03e-12   	0.141154470889849	0.0894047649344426	0.985942292101735	0.897446992883818	296.329176202583	138.682806089345	
1.035e-12  	0.135259081950909	0.0911525515587387	0.986608429466386	0.896555406930052	304.347826280967	139.27450254724	
1.04e-12   	0.136044061895382	0.0956498479738438	0.986074601541682	0.89733123687462	304.504091390186	140.311109069071	
1.045e-12  	0.135978123775513	0.0925022239843026	0.986383945739411	0.897604783337497	303.009172022863	140.509645235607	
1.05e-12   	0.138697073976012	0.0962070732886355	0.985650709287894	0.895501361520569	305.905919328748	139.434189231809	
1.055e-12  	0.141791975393661	0.0973361569138113	0.985099339290822	0.896840587209156	310.601748782465	139.39018984391	
1.06e-12   	0.142418218120411	0.0972837457040897	0.985014174501661	0.896975439045016	306.904254573176	139.756746187985	
1.065e-12  	0.152548660369817	0.100331046097791	0.98319000575082	0.898416026347267	299.748494242546	140.126628170527	
1.07e-12   	0.146719172997169	0.100986460759026	0.984009765712918	0.901903198299452	292.539344094915	140.748623970859	
1.075e-12  	0.142329750335521	0.105433508687969	0.984187999020092	0.899917266636165	300.248587236457	141.814698647713	
1.08e-12   	0.14397764671459	0.103659549594009	0.984136746100102	0.898470091665766	299.998543885263	143.766964680347	
1.085e-12  	0.143575344781604	0.0968712760583175	0.984886834233089	0.898241681974109	301.099520248003	145.048422231982	
1.09e-12   	0.145366496066759	0.0943453148153024	0.984869302696391	0.902282077976535	296.556324362871	145.55969933374	
1.095e-12  	0.149046837069357	0.0933655877591791	0.984412468115883	0.898681629902308	296.837536689853	145.031418164396	
1.1e-12    	0.140480283675289	0.091397477573123	0.985855867250269	0.899485054459014	290.579153008738	144.563595018886	
1.105e-12  	0.141342409220452	0.0950977247558914	0.985382537952653	0.899138397220495	289.67907665697	144.275781541578	
1.11e-12   	0.142491628549075	0.088372713081909	0.985842989210744	0.898777537544221	295.075217715066	144.047492836662	
1.115e-12  	0.135169157129469	0.0867110600561412	0.987021018532457	0.89815136510371	297.516559646563	144.093797124756	
1.12e-12   	0.127100494209632	0.0907282878424802	0.987731665057286	0.898891079152686	296.921621974777	144.595502004871	
1.125e-12  	0.127671175000632	0.0892769542913048	0.98779030998812	0.900961836293284	286.1896359676	146.167574582214	
1.13e-12   	0.125790436258539	0.0880670951041231	0.988140148413072	0.899335046143998	291.33314172872	147.53487956276	
1.135e-12  	0.118727718936194	0.0837783196164749	0.989386133882241	0.900888981220547	291.554928485211	148.428970303704	
1.14e-12   	0.117252696292893	0.0758251480965	0.990203187294502	0.899867753281545	296.965212773062	149.051731199412	
1.145e-12  	0.116752134641099	0.0746633831006141	0.990350603716036	0.898136432100799	296.266964084431	150.138141861307	
1.15e-12   	0.117107207616247	0.0696246215004384	0.990675685582949	0.897222136100334	300.96686010759	150.403359518465	
1.155e-12  	0.116793030551293	0.0635986245904432	0.991117855234608	0.897136142625519	299.212392663263	149.404685991485	
1.16e-12   	0.113160453062853	0.0627794404392832	0.991591374367859	0.897120553455217	304.204632307902	148.712125473599	
1.165e-12  	0.114534280377188	0.0580988968491494	0.991718920260873	0.894878052571225	305.059963030736	149.010644014705	
1.17e-12   	0.115359211055172	0.0603883291720318	0.991486511317496	0.895219170792375	304.873243394215	149.705792373485	
1.175e-12  	0.105271011697797	0.0638115635105035	0.992394124558619	0.897084246719523	292.496777696841	150.411349878114	
1.18e-12   	0.10224312821648	0.0713838903248347	0.992194881530136	0.894971966335817	300.711901238539	151.101423585018	
1.185e-12  	0.0996932710090455	0.0716176140746911	0.992437488746654	0.895286260084285	296.546462834109	152.217695644083	
1.19e-12   	0.0952968062215996	0.0775716464297057	0.992421865133043	0.895595260864398	297.216674115114	152.927210247966	
1.195e-12  	0.0926753108693887	0.0772055784557782	0.992698637760006	0.895634836906548	296.617653109332	153.810812221706	
1.2e-12    	0.0833996333108023	0.0727608919684154	0.99385630438388	0.892412393021532	305.249408253039	154.602712007518	
1.205e-12  	0.0814407282546555	0.0762905191836533	0.993754076451533	0.889563512587866	309.801750831072	154.867529488299	
1.21e-12   	0.0862188689753133	0.0806312105749576	0.993008013318037	0.892570876890001	303.410696168417	154.778003359085	
1.215e-12  	0.0801947215853563	0.085351120100877	0.993118317687965	0.896358779482291	298.159029005446	154.982141721051	
1.22e-12   	0.0777819982565697	0.0894866846248416	0.992946168743336	0.899069455603676	296.945214666817	154.959753216593	
1.225e-12  	0.0775062929103025	0.0864721000084222	0.993234791214764	0.896401589963127	298.845752573588	154.975377137293	
1.23e-12   	0.0815033294136473	0.0876980193998134	0.992807264622817	0.89594259646641	294.90569313644	154.927987010299	
1.235e-12  	0.0766665278591862	0.0865193072144793	0.993295853703791	0.895618105031131	295.388471236253	154.816498261843	
1.24e-12   	0.0910234703249936	0.0860824535544013	0.992121232027644	0.892581627078303	300.603299401587	155.917240260462	
1.245e-12  	0.0871236837438854	0.0898861646919225	0.992134033852217	0.892715910435631	299.32781944584	156.642093800266	
1.25e-12   	0.0829432117067668	0.0873787648419567	0.99271616038345	0.89196141290333	296.444886856237	158.166375564453	
1.255e-12  	0.0811793806550883	0.0891936078214484	0.992700563352439	0.891302085369589	301.315083138916	159.119515632847	
1.26e-12   	0.069684906350958	0.0930376633045771	0.993221026274455	0.892102622152314	300.05516435705	160.233714248962	
1.265e-12  	0.0656335799654126	0.0993891412659638	0.992881680654517	0.894348171262631	295.67412575646	160.720526146454	
1.27e-12   	0.0661187653851427	0.103117454276342	0.992469193218364	0.894072579699409	303.280870523339	160.486567696466	
1.275e-12  	0.0682688845191299	0.104581420282019	0.99217039158519	0.896140699299167	300.387877211712	160.832122722355	
1.28e-12   	0.068570568963084	0.110312679237773	0.991528713589003	0.896527124100207	298.394662963737	159.782381731292	
1.285e-12  	0.0646534223121403	0.100448850589383	0.992839344203583	0.895479476852276	295.28781460658	160.637156367805	
1.29e-12   	0.0591565405905914	0.101381489788547	0.993087255599229	0.895515301604642	290.212844945474	159.686261167013	
1.295e-12  	0.0610363166610076	0.112122830213903	0.991818047321827	0.892481636377841	299.266395478007	161.38897843875	
1.3e-12    	0.0609554468368287	0.109168768469071	0.992152515237385	0.891561182396804	299.889124537111	162.358628584319	
1.305e-12  	0.0640938599767892	0.106485940910667	0.992246300825378	0.89256020083783	295.786187502409	162.834535395449	
1.31e-12   	0.0643573209850094	0.104644768702638	0.992425114363197	0.891956182881904	297.917181081832	163.178796373712	
1.315e-12  	0.064814231275404	0.0983213463045411	0.993041805910024	0.894429508944612	296.150278248313	163.454213134228	
1.32e-12   	0.0666056565423984	0.101120992990395	0.992642045902345	0.896113931805946	295.43046675931	163.649137638449	
1.325e-12  	0.0694590758430928	0.100218184116843	0.992538035722232	0.894958528341031	293.562887191315	164.108938651556	
1.33e-12   	0.0657872734089219	0.107470480337677	0.992029299221252	0.897063409185776	292.804097929016	164.36088795462	
1.335e-12  	0.0608556789815298	0.100084685423578	0.993116127187229	0.897056616617759	293.935221819932	164.396562714636	
1.34e-12   	0.063804953940754	0.105446582467946	0.992375909672564	0.895357257149244	300.230483429377	164.779025575015	
1.345e-12  	0.0556218863347591	0.0994374472475168	0.993487996830088	0.895541797850007	296.044915663952	165.121704504328	
1.35e-12   	0.0556663735604523	0.0966253280040934	0.99376295002517	0.895501113505096	297.841762535107	165.564862005575	
1.355e-12  	0.0587293039304858	0.0983440108537994	0.99341800083803	0.894665373732303	292.576270530023	165.482469660831	
1.36e-12   	0.0595174985107141	0.0988022723003043	0.99332561547527	0.894206443966712	294.213981378117	166.352976040411	
1.365e-12  	0.0592194762665626	0.0994391187729842	0.993279877621794	0.892461348510279	288.882096776054	166.149801647805	
1.37e-12   	0.0573489108658221	0.0962227295004085	0.993706339292447	0.889935979089219	297.302019624722	166.286528156534	
1.375e-12  	0.0566900613506885	0.0963327522221266	0.993733484287093	0.887058577592746	305.440855941778	166.755843786166	
1.38e-12   	0.0596550814858459	0.0997840861943394	0.993219214169399	0.887323941517232	304.152255676937	166.624702629513	
1.385e-12  	0.0595493350486154	0.102196808194749	0.992980205789659	0.88788721156143	304.212648103729	166.25693686828	
1.39e-12   	0.0622245735924187	0.104416439949462	0.992585164864719	0.889770999363681	303.064216932536	166.502523396189	
1.395e-12  	0.0625953872799878	0.102459516599073	0.99276576539965	0.888485824134138	299.867350327231	167.192857921362	
1.4e-12    	0.0610043728366492	0.103976333193136	0.992707101128282	0.887636325766968	307.764863645528	167.689086223032	
1.405e-12  	0.0579194311141074	0.103594478903801	0.992931781866241	0.891510953879368	298.381784243759	168.470582118242	
1.41e-12   	0.0527503537889032	0.0934010530329393	0.994230176300983	0.889324934141103	312.749787854616	168.902582869413	
1.415e-12  	0.047428751792545	0.0944737533980939	0.99439691442717	0.891716889500491	307.039263900715	169.851326864267	
1.42e-12   	0.0545876627117745	0.100253750364804	0.993463322230598	0.89339948183959	295.268658478524	171.31185385853	
1.425e-12  	0.0492513031587732	0.100358928237473	0.993731550601161	0.889665411971899	304.518100125344	171.515980927163	
1.43e-12   	0.0496474669711724	0.104617345876689	0.993272540627729	0.891069495279883	302.80662767019	171.636678280952	
1.435e-12  	0.0503191658510735	0.102558859528087	0.993453401967274	0.89292650551589	302.217442830416	171.159510397755	
1.44e-12   	0.0491091638735472	0.108656337182589	0.99286559534194	0.896559168120154	289.897145577321	171.552591776909	
1.445e-12  	0.0496479197770566	0.109984396928193	0.992692558899357	0.895739038964203	300.811779356957	171.410058073575	
1.45e-12   	0.0413164877383129	0.112470324089136	0.992795736312488	0.892872191891613	305.384090930885	171.604760435244	
1.455e-12  	0.04555618259318	0.116323095829726	0.992166100813833	0.894366798144812	298.062642184186	171.906827008124	
1.46e-12   	0.0393212603036131	0.11725549658555	0.992323025535844	0.895584213204033	292.43148565954	172.187262688642	
1.465e-12  	0.0373482869571725	0.107476123576231	0.993505907542774	0.893343907562223	292.758289923118	172.652904995541	
1.47e-12   	0.0407607206055374	0.108159921969433	0.993297535955508	0.892570800627189	293.006515216586	173.130838365288	
1.475e-12  	0.0353910530276998	0.102891072257996	0.994062825285802	0.892593960746148	301.495981606002	172.860355921149	
1.48e-12   	0.0328641810222051	0.118135031354919	0.992453555574523	0.892523145229345	296.93747040063	173.278032158809	
1.485e-12  	0.0326770167020095	0.11972429081951	0.992269271300498	0.893435434021384	298.176798934607	174.321204040757	
1.49e-12   	0.0356250836173987	0.117064590947775	0.99248513085259	0.893348104275963	300.593032813852	175.079261952233	
1.495e-12  	0.0382146279826749	0.117157269094378	0.992377859742192	0.895266937330373	302.678524114118	175.828090844288	
1.5e-12    	0.0359296054661512	0.119134175769013	0.992227852670386	0.892624053942869	310.871880986349	176.346775592627	
1.505e-12  	0.0387764888863746	0.111073539419554	0.993055412729047	0.893952464409034	306.682632919713	177.775474176524	
1.51e-12   	0.0416818905344208	0.115509744943002	0.992431417693273	0.893547647161004	310.609210663194	177.709384409779	
1.515e-12  	0.0409129646671344	0.109873330047173	0.993103207459573	0.895755808903685	301.684732810129	177.717466764139	
1.52e-12   	0.0393311110010687	0.11941032269962	0.992065642253674	0.893201496789209	314.18067744949	177.65814814556	
1.525e-12  	0.0371035552426232	0.114222088148352	0.992762126980773	0.892063460626083	309.761174907242	176.770117499255	
1.53e-12   	0.0365176860201794	0.115874722965637	0.992592316706798	0.893558610713934	307.834367230143	177.563813166954	
1.535e-12  	0.043658284883641	0.118916473935205	0.991943963330508	0.896913250320918	298.505816097463	178.171438013707	
1.54e-12   	0.0458273442968644	0.114663088869116	0.992346829775603	0.894415739695735	299.113171876962	178.606412118984	
1.545e-12  	0.0504765983944311	0.121625271609882	0.991291786670479	0.896784498110102	296.699057628165	179.215527736269	
1.55e-12   	0.0453857362329495	0.121043479190187	0.991609101961115	0.898653915411702	295.516251610056	179.04430675753	
1.555e-12  	0.0448571750860599	0.120153645044125	0.99174136518848	0.894755033578272	302.120830313943	179.78419708695	
1.56e-12   	0.0384656481016561	0.122736232402295	0.991693607507787	0.898403224618666	284.167534047203	180.575182254644	
1.565e-12  	0.0357725712117149	0.131962250471812	0.990609048817604	0.897150004651937	289.616960907017	182.234320194075	
1.57e-12   	0.0349960944780496	0.125726460833311	0.991447492516681	0.897513476935721	287.390521464854	182.363268022091	
1.575e-12  	0.031622552911545	0.135503449744833	0.990272098594425	0.897056742905624	296.298511391557	183.530147707535	
1.58e-12   	0.0307317437593165	0.132276215464084	0.990736373990584	0.899470716782609	287.514586559959	184.16280938156	
1.585e-12  	0.0299114400131374	0.13089460833249	0.990944956728589	0.900579449250298	285.948839758863	182.986771731693	
1.59e-12   	0.0319167511618121	0.134691053475788	0.990373485665311	0.898471223441007	294.830209834176	181.46219323237	
1.595e-12  	0.0439093292460476	0.14243236538846	0.988830112858124	0.897384335991458	289.710024513019	180.800232047788	
1.6e-12    	0.042108602883239	0.138305754306631	0.989494003968137	0.896117054445624	295.187687464666	180.994884238056	
1.605e-12  	0.0422721183392507	0.141188253383654	0.989079847695617	0.895416403847652	298.659525892492	181.309643830163	
1.61e-12   	0.0357125444992768	0.149278790711094	0.98815001736033	0.895031996545584	299.95784288432	182.495277886685	
1.615e-12  	0.0305819812663585	0.152065553021495	0.987897165704048	0.892277872636363	308.196967411085	185.113379325998	
1.62e-12   	0.0295035287277688	0.156272560059878	0.987273229032846	0.894361297436897	297.791931190229	187.271133186557	
1.625e-12  	0.0347373528880698	0.157124971735181	0.986967608167334	0.893172520165028	300.918467480768	188.105638801698	
1.63e-12   	0.0420431773381131	0.152341508868419	0.987433256435598	0.89489646930403	297.03274686529	187.976065351036	
1.635e-12  	0.0359877858889115	0.156328960652047	0.987049206133243	0.894247075015173	299.267799595736	187.537902764814	
1.64e-12   	0.0354011464092091	0.156834850872989	0.986990166305907	0.893053685104793	299.749381461415	187.015217151447	
1.645e-12  	0.034942359388222	0.164841708116904	0.985700889106572	0.892392282985321	304.28685430056	186.114321582321	
1.65e-12   	0.0318524740973786	0.159387134157541	0.986702164464496	0.894835435768072	293.65553714244	184.83323220201	
1.655e-12  	0.0345650856783522	0.160775152183034	0.986385627071163	0.891358826556675	307.117755123075	185.707845510943	
1.66e-12   	0.0314341257892432	0.164510840033348	0.985874271521165	0.891531122398455	306.448166708732	186.56168760002	
1.665e-12  	0.0279718859094639	0.167009959714461	0.98555834274529	0.894344034915174	304.785380528916	187.348911609818	
1.67e-12   	0.0225709997898711	0.170346959557128	0.985125607898875	0.894035751528402	301.003616009658	188.809012875733	
1.675e-12  	0.0297723532257586	0.16527126857327	0.985798668475254	0.894939486364411	297.834067548726	189.676266401138	
1.68e-12   	0.0285679090255183	0.171208392799413	0.984820572900948	0.895234518461537	302.082626500055	190.075475746442	
1.685e-12  	0.0327590528907855	0.167052391483793	0.985403644682343	0.894749035221529	298.364772453136	189.73975652171	
1.69e-12   	0.0366766528325604	0.166083706878944	0.985429360962189	0.895361524838147	290.122987933025	189.699620812343	
1.695e-12  	0.0377511181478363	0.165343172941195	0.985513312056375	0.895875965440863	297.061016045376	189.569190812687	
1.7e-12    	0.0347322672338175	0.165054130766405	0.985672766961604	0.897518656327612	287.720522932697	188.517270772436	
1.705e-12  	0.0362260834678588	0.166766842881674	0.985330650589871	0.897336480645039	289.221704326847	188.042853050243	
1.71e-12   	0.0316794054462166	0.163843640187725	0.985977523496661	0.897062790607403	290.24273814872	188.85094501424	
1.715e-12  	0.0259560595388975	0.162059057505335	0.986439630617959	0.896358964354672	292.841206531654	189.533206833896	
1.72e-12   	0.0249301445949491	0.157790432278473	0.987157873580436	0.896494773450104	295.236009862437	190.452873383455	
1.725e-12  	0.0168201683589024	0.162050853181413	0.986639043885632	0.895709433940645	297.569452428086	192.449113616489	
1.73e-12   	0.024952253137301	0.163436073327503	0.986238325658995	0.89294966083679	307.546286429364	194.258693393154	
1.735e-12  	0.014250471865251	0.167111071907209	0.985835084432301	0.894433258301429	302.240271123406	195.42860473219	
1.74e-12   	0.010686475730315	0.166447213608346	0.985992456522099	0.894915123710289	294.232426836635	196.412785402032	
1.745e-12  	0.0140962888797474	0.166841885251507	0.985882893636735	0.894477306436592	300.851643709218	197.153880895535	
1.75e-12   	0.0138653552479676	0.163037718408475	0.986522404357857	0.894384844663673	297.388730219607	196.487756416986	
1.755e-12  	0.0111387511137106	0.157417040811676	0.987469393695684	0.893385480876205	302.77898476619	194.905523562851	
1.76e-12   	0.009229805382707	0.156594601167696	0.987619836565532	0.892854702205639	304.881013167765	192.490058278202	
1.765e-12  	0.00717865406775746	0.153125337790223	0.988180701011918	0.891951928525182	305.678052444131	191.169285807673	
1.77e-12   	0.0067738172571516	0.146104491956888	0.989245971854213	0.892085059538207	310.034784600346	190.108658388739	
1.775e-12  	0.00220552139750744	0.142001024479421	0.989864053656945	0.893017601139328	309.300084116529	190.015601797655	
1.78e-12   	0.00973399700169921	0.135668517785467	0.990706466408828	0.895516890409575	304.888746434817	192.008655566743	
1.785e-12  	0.0137014089916858	0.130598933350565	0.991340602416413	0.893922333220154	308.201202355504	194.619548883935	
1.79e-12   	0.0126543959203893	0.131710280053048	0.991207479992074	0.88905973941209	313.503540813353	197.981335731245	
1.795e-12  	0.0143748147794161	0.136513282170733	0.990533941110062	0.890065257144435	312.746878372262	201.012495020017	
1.8e-12    	0.0185002565056144	0.136094691424198	0.990523081747911	0.891043076694907	306.469275052327	203.335488592878	
1.805e-12  	0.0211026263891871	0.138711394774416	0.990107988109991	0.895568107355044	299.348510098306	203.222056690608	
1.81e-12   	0.0255547200705791	0.136485893671348	0.990312353306192	0.897142042435627	291.126992971471	201.467863574769	
1.815e-12  	0.0235706585840769	0.131827208953249	0.990992437424983	0.896341735188521	294.622717408242	199.351988780984	
1.82e-12   	0.0316434290559694	0.128784493622757	0.991167618316857	0.896289897158608	295.774659151465	196.180759971844	
1.825e-12  	0.0280936735071367	0.133873193231265	0.990600178499347	0.893810352141956	302.626305808905	192.65963795882	
1.83e-12   	0.0267153499322063	0.13184617606327	0.990910125054484	0.891420457716033	311.715112278439	191.715210193749	
1.835e-12  	0.0322371992105951	0.138560816114933	0.9898291080912	0.893642746636411	300.192798815237	193.364656181947	
1.84e-12   	0.0421748261068609	0.141264612560857	0.989073098047301	0.894820720222442	298.62373049054	196.032662764972	
1.845e-12  	0.0424942884322836	0.140347875265854	0.989189925827692	0.895261797040818	300.241519712141	198.757153220207	
1.85e-12   	0.0406210566934482	0.138988503438086	0.989460522540009	0.893599218521762	295.277936128585	202.382042214745	
1.855e-12  	0.0469335319951845	0.142744922871638	0.988646109873916	0.893355666597982	302.96402943864	205.153833664718	
1.86e-12   	0.0538271479132005	0.143068541128179	0.988247960122855	0.89304599119188	302.622310074192	206.118080225611	
1.865e-12  	0.047839106940557	0.145706181041042	0.988170596938385	0.894558042472349	286.734257111331	204.600553579253	
1.87e-12   	0.0461957734442927	0.141246910468195	0.988895980778097	0.893646594472943	285.333136404904	202.218795871934	
1.875e-12  	0.0451470648064952	0.145693525275371	0.988299114252458	0.89431112220837	294.99035308071	199.641059011199	
1.88e-12   	0.0394680613805083	0.146449618391471	0.988430463615856	0.893636015683416	296.725367122862	197.819110219975	
1.885e-12  	0.0443001940876994	0.14482436554895	0.988465171843265	0.89344494775345	300.481709924792	196.079061285786	
1.89e-12   	0.048398918461865	0.147860214286596	0.987823315033029	0.892663874382813	301.030701036594	195.814769455433	
1.895e-12  	0.0481360033658476	0.14143951608345	0.988775904070302	0.893929205317254	300.214528396154	197.847388788738	
1.9e-12    	0.0513115222950164	0.136145694627472	0.989359124642903	0.894101618452357	294.471006286269	200.73817242203	
1.905e-12  	0.0583318960643807	0.134803025594588	0.989153948681437	0.893675666928022	297.071281743699	203.754849714497	
1.91e-12   	0.0651338539754762	0.131606719416765	0.989159872048325	0.893804557762732	295.208792793382	206.142412330772	
1.915e-12  	0.0673916203660878	0.133610856463066	0.988739858880808	0.892683443732089	296.594946013393	207.916638137509	
1.92e-12   	0.0714061462869972	0.141257416896236	0.987394300390803	0.891632268441314	291.825289005276	207.767039660066	
1.925e-12  	0.0731660355603195	0.1321694919533	0.988523118918922	0.891120087743809	300.625624094596	206.165824477522	
1.93e-12   	0.0699180932298828	0.139815600206179	0.987705957346661	0.892791962088575	292.095143005404	204.344881051936	
1.935e-12  	0.0764687321164221	0.139183481696257	0.987309724165327	0.892592963995379	291.593960629352	201.981206093543	
1.94e-12   	0.073519797502155	0.136339142794732	0.987930401150425	0.89351794695355	287.742645378412	200.94567704983	
1.945e-12  	0.0618359635670989	0.136716964367604	0.988678302211511	0.891040530183992	291.228661617195	200.712607426797	
1.95e-12   	0.0585076521066154	0.134389252840482	0.989199870282011	0.891279765618081	291.564707290246	200.454009123338	
1.955e-12  	0.0606209402586973	0.133989528020206	0.989126841200396	0.891635603063929	296.416298885019	201.372267765563	
1.96e-12   	0.0601922824813014	0.139295659509702	0.988419753126903	0.893171026709021	291.305585079939	203.606023291343	
1.965e-12  	0.0578713348336896	0.135755299329628	0.989050760733993	0.893609463480224	285.388395977267	206.40822914867	
1.97e-12   	0.0573220069264511	0.130837707401617	0.989745261086818	0.895971365058786	283.687441116187	208.862519438397	
1.975e-12  	0.0586651755625557	0.135312363175139	0.989064690274693	0.893731051717086	292.262013387886	210.238875372867	
1.98e-12   	0.0592948182081165	0.131749793079561	0.989508017429449	0.894106352262399	286.046737513405	210.289598145209	
1.985e-12  	0.0650143246456483	0.124558290445508	0.990079981553088	0.893387805006359	286.527167095569	208.93692250518	
1.99e-12   	0.0701398556977082	0.128194858251704	0.98926562608863	0.890539598798642	298.778179733552	206.741770700235	
1.995e-12  	0.0697794596554227	0.12003445137941	0.990314373061525	0.890214819729845	295.878442130994	204.918376212893	
2e-12      	0.0707730192295935	0.123239504285309	0.989850091848578	0.889926849116974	291.274605101997	203.59201261345	
2.005e-12  	0.0703986630629776	0.119120895213251	0.990380856318689	0.890673813462115	297.243142543612	203.771754692778	
2.01e-12   	0.0693027458043803	0.119921874310682	0.990361486269426	0.89338523448797	285.787780828244	203.937383255788	
2.015e-12  	0.0701483784162544	0.119647017647414	0.990335193847845	0.892450617449059	287.515015690015	204.223023075884	
2.02e-12   	0.0670592182000834	0.117670915977392	0.990785858189062	0.89292246037359	288.134732494679	206.172662431618	
2.025e-12  	0.0734444063923679	0.115033824157356	0.990642790550361	0.891635267364011	295.549874721192	208.516134824138	
2.03e-12   	0.0810417535543246	0.115745501752168	0.989967278754696	0.891805489906344	296.383943828044	211.248081168815	
2.035e-12  	0.0834402527266913	0.113473293166389	0.990031078281324	0.892585694005102	298.379897344754	213.244176795188	
2.04e-12   	0.0755424729262123	0.119910563903938	0.989906455908048	0.892304081753713	298.438980946796	213.703960667807	
2.045e-12  	0.0712375830780662	0.12270507430297	0.989883160528301	0.891780335769772	301.663057572262	213.114244482223	
2.05e-12   	0.070013765911819	0.126742145691092	0.989461722902136	0.892158159887794	296.281394764584	212.109151749452	
2.055e-12  	0.0617898663331758	0.131830732319017	0.989344566081383	0.891276379859033	301.589044200063	210.435378084378	
2.06e-12   	0.0594560685350823	0.128536264155047	0.989920908311071	0.891531342735974	301.435821087214	208.83507985367	
2.065e-12  	0.0607965900837612	0.134067507656804	0.989105493880648	0.893036605546951	297.267616956463	206.946223197065	
2.07e-12   	0.0584239298980359	0.139438699996496	0.988505687064347	0.893088903907691	292.507591925479	206.798167612428	
2.075e-12  	0.0643913293656925	0.144835797796699	0.987358267489118	0.893568231182325	293.62686839811	207.240205834314	
2.08e-12   	0.069505756194548	0.144371480840176	0.987079442282048	0.891526332784628	304.139481407351	209.258046401186	
2.085e-12  	0.0773450688510852	0.140839053767192	0.987006636886694	0.891691897681415	301.159695427339	210.928170797876	
2.09e-12   	0.0775904307486493	0.136709602080643	0.98756782539489	0.891463158998626	300.810610459366	212.934305825848	
2.095e-12  	0.0747885155260368	0.135956110971451	0.987887956113916	0.891488518998605	303.349782861085	215.304344132612	
2.1e-12    	0.0727591172551806	0.140543036068141	0.987397471066741	0.890487836271437	299.629078438961	217.356401261066	
2.105e-12  	0.0786019007427779	0.142249690097645	0.986705004987178	0.895226012559852	289.196386424362	218.022030135578	
2.11e-12   	0.0773993954243872	0.143293294028077	0.986649058923446	0.892497301984696	295.952841815551	217.961627451519	
2.115e-12  	0.0806596005777533	0.154232606303833	0.984736681548608	0.89531283962677	294.037105382989	215.624170841938	
2.12e-12   	0.0731621833772019	0.162684440828764	0.98396192387496	0.895389890262061	288.657406929337	214.11417354559	
2.125e-12  	0.0650876440739551	0.157781110990857	0.98532670703853	0.897079784862336	285.861596424463	212.898969136939	
2.13e-12   	0.0556191856020141	0.1595338333318	0.985624402201686	0.896058131117759	292.239551510997	211.524106769114	
2.135e-12  	0.0616721237604801	0.164918052659881	0.984377257487059	0.894507604133733	298.192558957665	211.544976438731	
2.14e-12   	0.0606864128419479	0.1626126985296	0.984821948157787	0.895272086571554	294.028446847535	212.192132049911	
2.145e-12  	0.0554838434510678	0.169142368732796	0.984028659244921	0.894071042423833	300.620283658522	213.293853878072	
2.15e-12   	0.0630388207217091	0.171443703280626	0.98317504224194	0.893579190995423	297.392232111951	215.422932739558	
2.155e-12  	0.0673112604213629	0.178439504858934	0.981645830901444	0.894711083468855	292.711009952687	216.685080874221	
2.16e-12   	0.0673389270023627	0.167427232205932	0.983582020385708	0.895974732406352	295.297932383695	218.482952560991	
2.165e-12  	0.0624032123300211	0.165262828702758	0.984273354581977	0.894670152998948	297.264704025299	219.794211158444	
2.17e-12   	0.0479821177118441	0.167952125102179	0.984626731332005	0.894878142254005	300.794864468257	221.349076586968	
2.175e-12  	0.0479878333655676	0.173889684398383	0.983595214256713	0.895115150391947	302.573337884314	220.300575218744	
2.18e-12   	0.0445608611020368	0.174128085923324	0.983714256962114	0.894699045999646	301.90965168006	218.866763903944	
2.185e-12  	0.0520889658624652	0.169335027239318	0.984181074896911	0.894195654526133	302.330372887811	216.596893762874	
2.19e-12   	0.0441286875234288	0.173688412834914	0.983811462722583	0.893926327525376	300.464724990472	213.67565285956	
2.195e-12  	0.0407029303414679	0.164746428744963	0.985495756295987	0.89418327944114	296.235936071241	212.475965628813	
2.2e-12    	0.0457432761477454	0.164536039115419	0.985309821588865	0.895167161967996	297.294316397231	212.878349539549	
2.205e-12  	0.0479218269173161	0.159470567181966	0.986038861661937	0.894341818645127	302.68879761989	213.5038068454	
2.21e-12   	0.0489102628308626	0.152705500475093	0.987060695354884	0.892750765801654	306.480726646011	216.077801137199	
2.215e-12  	0.0448639816588879	0.146642851869283	0.988171592966199	0.895137446488683	304.549001745543	218.690461168693	
2.22e-12   	0.0385021928615687	0.14707832509565	0.98837520579581	0.897166933387952	299.652903178664	221.541452232939	
2.225e-12  	0.0342003710395264	0.150843063568649	0.987965943134673	0.895962277915574	304.542485345427	223.192321803498	
2.23e-12   	0.0345688346426625	0.149518963711465	0.988154378203172	0.895043330271047	307.444121599357	223.550251314228	
2.235e-12  	0.0334150664569597	0.144233554399315	0.988979329975615	0.892542149835447	307.542029524014	222.919509394193	
2.24e-12   	0.0227356436781286	0.152939194625651	0.987974034706276	0.893691106605725	308.171225635593	221.615486055183	
2.245e-12  	0.0158865111976928	0.151521663196335	0.988326264117362	0.894046667899587	310.566950848464	219.33004228042	
2.25e-12   	0.022697893449481	0.155610289149866	0.987557716563266	0.896228287017614	306.195525211547	216.708741948612	
2.255e-12  	0.0260030763184673	0.154380203673293	0.987669272953132	0.895275738130461	307.5967243787	215.596763381404	
2.26e-12   	0.0215034746014575	0.160054799663411	0.986873883373539	0.894683284812759	308.904045564911	216.916982134112	
2.265e-12  	0.021593176339649	0.155868082474901	0.987541834861269	0.893863888940481	319.124034064591	219.293877269945	
2.27e-12   	0.0231180365245956	0.156537461233324	0.987401427798174	0.897390055275511	303.714129860311	221.488406522376	
2.275e-12  	0.0259760982795391	0.149580897551823	0.988408213950978	0.89652362025836	307.732879340827	223.552125699503	
2.28e-12   	0.0255500846034849	0.149976489539664	0.988359370756464	0.89613343551443	307.535398010299	224.90441983953	
2.285e-12  	0.0223594122264489	0.15829401728	0.98713882548416	0.896553231857547	307.952155480925	225.620821688238	
2.29e-12   	0.0286982683768671	0.159657986076339	0.986755155483982	0.896506747088016	305.620093480709	226.595092186409	
2.295e-12  	0.0312605470747154	0.155497704334631	0.987341502289481	0.898538658054529	301.920851424569	225.074945574487	
2.3e-12    	0.0305197490017412	0.149960884716022	0.988220763785126	0.901694663996183	290.900230977321	224.251700470843	
2.305e-12  	0.0332314498107754	0.145247701091736	0.988837082673905	0.899231065066142	299.601209091654	223.551970541421	
2.31e-12   	0.030006117491423	0.138366783772612	0.9899263942645	0.90098019254237	291.245249213713	223.186553577828	
2.315e-12  	0.0425110075170767	0.140241241007686	0.989204331046173	0.902687326579613	287.976399230628	221.68151352703	
2.32e-12   	0.0464543832853903	0.138192576964174	0.989315319777054	0.903436475861081	293.763047451305	221.720438776105	
2.325e-12  	0.0448569910367935	0.142565785431757	0.988768348593012	0.90347002980455	299.106725179639	221.196501696984	
2.33e-12   	0.0442662663039278	0.141798629363118	0.988905276747096	0.903666094755454	292.569395238297	222.452070092632	
2.335e-12  	0.0394547273348056	0.142595327477871	0.988994386774978	0.902894392831312	289.123219490448	224.257611197396	
2.34e-12   	0.0434663589391127	0.138369002471551	0.989426447390408	0.901528063361682	300.261019735298	226.913530423637	
2.345e-12  	0.0443809193166171	0.137219891085603	0.989545873363669	0.899869862884384	307.079122172214	228.344299675584	
2.35e-12   	0.0474695531022858	0.133919156917858	0.989854686779165	0.896423073437111	314.944999770431	229.333930812104	
2.355e-12  	0.0483215155820364	0.129691504817227	0.990376264209769	0.897477944968592	306.403953534352	228.702530376371	
2.36e-12   	0.0455266960487058	0.129113314609713	0.990584207393487	0.89455250832456	313.80249295548	228.311952675911	
2.365e-12  	0.0497590432674361	0.129160938782851	0.990374418846651	0.894749374161308	315.769326658504	227.307521270425	
2.37e-12   	0.0525605068406877	0.131711183896184	0.989893710030181	0.896867280525661	309.654101218234	224.568908465616	
2.375e-12  	0.0461095607754542	0.125969296857626	0.990961979419135	0.896193091816872	311.766627304459	222.632133280289	
2.38e-12   	0.0415969768337103	0.126996826217954	0.991030523066198	0.8991309057651	304.704762373747	222.354275646111	
2.385e-12  	0.037903863463858	0.128286901725377	0.991012496379444	0.900970007306531	299.913959056963	223.046661928778	
2.39e-12   	0.0396979766054141	0.123715777963635	0.991523311342849	0.904708839523237	289.180913148492	223.913684264693	
2.395e-12  	0.0449769153596917	0.119200388898478	0.991850968831093	0.902179648945028	296.96614446976	226.406596128862	
2.4e-12    	0.041687203316708	0.11322123138097	0.992694882551637	0.898746242813917	305.637077677963	228.502637341074	
2.405e-12  	0.0472432196259993	0.118309649552411	0.991852259674875	0.899384876294544	299.912610553644	229.823069120951	
2.41e-12   	0.0419670091389546	0.119248399923235	0.991977111257956	0.89755993221644	310.095633351746	231.585729381335	
2.415e-12  	0.0459631592988361	0.120184469690223	0.991686987528096	0.895639224242266	318.688421209251	231.391183958784	
2.42e-12   	0.0391777770451264	0.116524990615483	0.99241474613584	0.898422067028828	303.367827730607	229.904060706105	
2.425e-12  	0.0389852689639295	0.113385311952717	0.992785938577494	0.899360172738951	301.931532076413	228.127915936082	
2.43e-12   	0.0420632925254365	0.111543657699443	0.992868919771865	0.897911989063712	304.597841569493	226.714853003753	
2.435e-12  	0.0454045551555913	0.112026251608243	0.992667389069334	0.900037776735441	295.387478193081	225.913509653936	
2.44e-12   	0.0460151564993473	0.112524932027771	0.992582865580746	0.899923360615159	297.174918984453	224.814113746058	
2.445e-12  	0.0474337359916162	0.1129459253076	0.992468265813214	0.900639219199635	304.285950368086	225.319844278591	
2.45e-12   	0.0448648374521941	0.105461159451541	0.993410836566385	0.900967369340564	297.165948660161	227.088414320323	
2.455e-12  	0.0452908618704398	0.106857364932366	0.993242287355278	0.899708333388334	300.446562309561	229.469874918553	
2.46e-12   	0.0413310396794013	0.108896379369682	0.993193497622288	0.901291717710878	286.377020788603	231.423596226321	
2.465e-12  	0.0346345085038493	0.109134729177778	0.99342340505345	0.897533624051164	295.236953591198	232.901382899926	
2.47e-12   	0.0338763948776707	0.109316477175196	0.993429563526321	0.899642694752593	294.965531442918	232.433456290752	
2.475e-12  	0.0267220100388925	0.114964855219198	0.993010078621516	0.898508176944152	297.55055250154	230.324931029336	
2.48e-12   	0.0262782104058249	0.106188886930417	0.99399868005463	0.897509872679707	294.130854812638	228.025786958164	
2.485e-12  	0.0332156908454097	0.103433824605182	0.994081566979897	0.897000804602851	299.342306914356	227.366089153595	
2.49e-12   	0.0300590199748949	0.108291326954062	0.993664653605369	0.899002007017365	294.874429618977	226.721367081898	
2.495e-12  	0.0337515198939672	0.101100320482304	0.994303555310561	0.898569046374165	288.360175329172	226.985778528798	
2.5e-12    	0.0329076314710111	0.0962240763048329	0.994815568299094	0.897451094194513	289.483945032756	228.076947412092	
