#----------------------------------------------------------------------------------------------------------------------------------------------------------
# Output file for vampire simulation
#   time       : 2024-05-07 10:37:45     process id : 70562
#   hostname   : UOY22M030
#   path       : /Users/mss555/Dropbox/vampire_github/vampire-mara
#   version    : 6.0.0
#   githash    : 71852b58f5ad0177f16cc65dce29044e3213d846
#----------------------------------------------------------------------------------------------------------------------------------------------------------
5e-15      	0.0414194775646031	0.0978739325627677	0.994336522613433	0.899127369507263	282.890929479429	229.328309069752	
1e-14      	0.0428674272342895	0.0971813155871658	0.994343087461798	0.896989928980796	296.076603105672	230.405705866489	
1.5e-14    	0.043046084529879	0.0948029502279405	0.994564947720723	0.896092463769137	302.112270574512	230.921745063784	
2e-14      	0.0420526397793176	0.0906106407313952	0.994998134306712	0.898770038667245	293.447184457574	231.250814247537	
2.5e-14    	0.0395893755584859	0.094983063144853	0.994691358692992	0.89970186290513	286.623750594607	232.41323562678	
3e-14      	0.0437661062859806	0.09956591000713	0.994067984347658	0.897662802920724	289.395214761377	232.680610706188	
3.5e-14    	0.0437117988978128	0.102074345906859	0.993815931923414	0.896881186793964	298.358661288359	232.305217993603	
4e-14      	0.0459330465864072	0.105461218975656	0.993362011818179	0.897145118271646	294.124762589691	232.16505538492	
4.5e-14    	0.0473735043876415	0.103770578696254	0.993472404286641	0.894900663034124	293.534263149866	230.539718816918	
5e-14      	0.0568470061595969	0.100610235787055	0.993300557910628	0.895313031821198	302.139579669636	230.368474751499	
5.5e-14    	0.06378749083362	0.106185864461456	0.992298200241099	0.899610996236821	294.495350799842	229.435532457707	
6e-14      	0.0661189553949817	0.100059001260051	0.992782191623277	0.898705883985254	292.210545786808	228.324429103277	
6.5e-14    	0.0672928469915332	0.101659983477448	0.992540639219946	0.898329750490748	295.407352154826	228.175615676954	
7e-14      	0.0671471902640704	0.0930224598309893	0.993397240184727	0.89538744416704	301.087859788208	229.055271066999	
7.5e-14    	0.0642866016291593	0.0970998038743146	0.993196285201744	0.898062836574815	299.289744094459	229.104566859504	
8e-14      	0.0585998118688244	0.0926371661265502	0.993974052730241	0.897560224167721	301.718067868228	230.793650642824	
8.5e-14    	0.0493042589782009	0.0951562407257828	0.994240604631267	0.895239952467419	298.39909008196	231.027834329619	
9e-14      	0.0423191260476803	0.098575435148272	0.994229337303969	0.896624414161099	296.071123354199	232.920758632983	
9.5e-14    	0.0299874347791281	0.093013738439658	0.995213142104166	0.89508830274646	306.77752616908	234.298963231837	
1e-13      	0.032298792285519	0.100785976735416	0.994383716132955	0.898518801903869	299.209629159992	235.221122714202	
1.05e-13   	0.0200863455442915	0.0955893516578403	0.995218174357919	0.897735474487146	300.093965633335	235.407620957572	
1.1e-13    	0.0228726563414092	0.0979431771565848	0.99492913096379	0.895821267265444	304.751746676619	233.876257156927	
1.15e-13   	0.0132221420292341	0.0993209216333066	0.994967602229374	0.894679543640278	311.20506543246	232.324000799858	
1.2e-13    	0.0168328060555397	0.107382488551768	0.994075277729371	0.895255020963817	304.133793045261	232.519168263952	
1.25e-13   	0.0220348836580688	0.105937445652168	0.994128624228711	0.897676200823692	299.984253287701	231.892415119828	
1.3e-13    	0.0196904398898414	0.106928056777177	0.994071766650075	0.900494966058644	296.236560645862	231.402787456643	
1.35e-13   	0.0240259290244657	0.100649448391192	0.994631812920268	0.899108224322654	300.91294804879	231.001995519212	
1.4e-13    	0.0216906814307928	0.108023944024606	0.993911636845266	0.898905944224019	299.752774735602	233.20380924822	
1.45e-13   	0.0163304776674396	0.102277140460463	0.994621888980121	0.900588091116548	298.942415883149	234.639466266886	
1.5e-13    	0.0117293490645223	0.10676586539299	0.994215003084046	0.899904004931849	288.458912615797	235.593333528316	
1.55e-13   	0.0103562963061346	0.110091559681775	0.993867493991857	0.899073303023897	287.480268476448	236.345279363892	
1.6e-13    	0.00965504114875658	0.121287419996691	0.992570472022497	0.898114910099588	291.330965281683	237.338851114716	
1.65e-13   	0.0188667781120824	0.119841414631451	0.992613761753685	0.899723988004806	294.781545502142	237.57694853705	
1.7e-13    	0.0213445763247428	0.120895174792193	0.992435774130237	0.900455285666014	293.469606744353	237.041208754971	
1.75e-13   	0.0184926301099078	0.124331592334757	0.992068383620364	0.895828548640991	304.553868568349	236.982445136032	
1.8e-13    	0.00983973199822175	0.118358348726876	0.992922192803067	0.896042188051835	306.875075473019	235.981269249175	
1.85e-13   	0.0112296157758803	0.118825252956733	0.992851678242674	0.89654118662936	304.539844496269	235.583408460184	
1.9e-13    	0.00680746364072801	0.125663507629499	0.992049565943674	0.897028218878857	299.99765879514	235.766887736806	
1.95e-13   	0.00358923328341582	0.12708618469652	0.991885184415877	0.895765905606394	304.517744636008	235.742101629342	
2e-13      	0.00578901376564462	0.127466839799439	0.991825938394014	0.895174155042651	310.285192513784	236.520842179671	
2.05e-13   	0.00895156613447398	0.128343484542668	0.991689376488014	0.894236500819439	309.825903257964	236.80552198582	
2.1e-13    	0.0123813383044036	0.121459522259138	0.99251916198851	0.894878361380543	303.896107381744	238.413687600605	
2.15e-13   	0.0143394378833869	0.122485756902224	0.992366676121925	0.896559408536842	309.064413547518	238.378245477471	
2.2e-13    	0.0171753871256812	0.119950355989835	0.992631310293502	0.896893390556229	304.20275247447	238.127108418448	
2.25e-13   	0.0184310286442773	0.119163591468911	0.992703548725068	0.89993366812365	298.222559697459	238.551111178766	
2.3e-13    	0.0201666185201861	0.124169633051995	0.992056051705343	0.90261353035852	288.589001555463	238.116738205055	
2.35e-13   	0.0188023835006223	0.129246690215411	0.991434195215728	0.898419167646458	298.909079786778	240.168380243823	
2.4e-13    	0.0245870477356297	0.125993432957323	0.991726339236422	0.89919545585684	294.363391350505	240.807644487365	
2.45e-13   	0.0232860665474715	0.130210283134051	0.991212914196994	0.899701477197041	296.475236960729	241.041932499144	
2.5e-13    	0.0200278162681306	0.130486701638784	0.991247752719249	0.901417988609177	292.065073313128	241.448676130881	
2.55e-13   	0.0235488084295872	0.125064896208917	0.991869056558274	0.900277159903362	294.87585087003	242.199511168884	
2.6e-13    	0.0232415865831731	0.138443132234776	0.990097635483552	0.901466869428783	294.756978332009	240.149576274422	
2.65e-13   	0.0230999207674859	0.131285473915838	0.99107543507002	0.899515385766926	302.577134580049	238.849405145816	
2.7e-13    	0.0317632012327552	0.129410001844027	0.991082312661353	0.899642767270054	297.527139841874	238.560606215352	
2.75e-13   	0.0274500256616061	0.132541815152863	0.990797236233106	0.902118001285122	288.038728672692	238.466375267799	
2.8e-13    	0.029078075575761	0.133224656764495	0.990659202930449	0.899535359004662	299.948857875216	238.812865242003	
2.85e-13   	0.0319475701161642	0.129211940224956	0.991102228464337	0.900286432829186	296.079292967964	239.304939226833	
2.9e-13    	0.0357288282549462	0.132869969981779	0.99048928409578	0.90110379115298	292.58921734546	241.672597944293	
2.95e-13   	0.0400933331002494	0.133762123528301	0.990202110152323	0.903816606792258	292.393748396385	242.996218157981	
3e-13      	0.0450428307484837	0.133042170330496	0.990086321646711	0.902506525221848	296.065575722382	243.316017198327	
3.05e-13   	0.0391620635455826	0.134213530453775	0.990178297591896	0.902580188421682	291.01435850811	243.596484452923	
3.1e-13    	0.0402875789677123	0.136608771369492	0.989805513505476	0.899410541942123	301.449128095041	242.721526304428	
3.15e-13   	0.0454082373394824	0.131615729772801	0.990260264606277	0.902130592402817	295.062668245471	242.539740429555	
3.2e-13    	0.03954713295789	0.129424007283543	0.990800409070101	0.897836874308293	301.78490257413	240.969158255343	
3.25e-13   	0.0449457469310371	0.13520674212276	0.989797462472682	0.898956514568939	296.927821921432	239.13960161712	
3.3e-13    	0.037332768903676	0.133101649539497	0.990399018202184	0.89843222223286	306.425385661302	239.258619705334	
3.35e-13   	0.0366168433635564	0.133457885694539	0.990377806459753	0.898374808514357	302.174844556344	239.888137402383	
3.4e-13    	0.0443601563998613	0.13060961895938	0.990440964398921	0.900847427460294	302.681346590375	240.915233567045	
3.45e-13   	0.0444260862561729	0.133336200199855	0.990074633841421	0.899802198141678	300.6040073464	240.625173162014	
3.5e-13    	0.0503093236336311	0.133213092838742	0.989809700827317	0.899356601671988	300.889654894496	241.709848845578	
3.55e-13   	0.0558888882508185	0.141910494314323	0.988300482532287	0.900110095411658	294.79031385768	242.73180745374	
3.6e-13    	0.0548888221633448	0.144552632359247	0.987973559200616	0.902544422759715	289.16274510608	243.098267062607	
3.65e-13   	0.0506914768113413	0.152112063756986	0.987062457111137	0.90269286158989	283.797744123641	242.835876717819	
3.7e-13    	0.051522674287548	0.150608623170189	0.987249946397081	0.903775889234281	280.601822743437	243.486828208092	
3.75e-13   	0.0596475634210401	0.148322406620652	0.987138608237055	0.902015869151802	291.200712706293	243.685329198941	
3.8e-13    	0.0595164631815543	0.143001256111362	0.987931390006883	0.900441307768446	300.932857240725	243.54647214209	
3.85e-13   	0.064467991804401	0.141930487748249	0.987775083042821	0.897108066465435	301.45733857467	243.456932238478	
3.9e-13    	0.0562451828956705	0.135910304307592	0.989123282803539	0.899897007398257	298.430766195566	242.27030404957	
3.95e-13   	0.0568596022871243	0.134849744436042	0.989233305167838	0.899867036537	291.030926513409	242.140893549223	
4e-13      	0.0536169833309948	0.132343356623487	0.989752724197369	0.897960489633057	293.322932593839	241.255460744872	
4.05e-13   	0.0515190868737225	0.142928803466997	0.988391188157397	0.897261690403378	300.780323111193	241.083499615763	
4.1e-13    	0.0516313160814511	0.140702742496002	0.988704680606803	0.896626258575204	297.795592212964	240.494587282854	
4.15e-13   	0.0586365768945515	0.138393376705347	0.988639987626528	0.897693099157248	292.893897290805	241.439249214139	
4.2e-13    	0.050975348022332	0.138642528798296	0.989029707896793	0.8978475391765	295.140602902645	243.173862687321	
4.25e-13   	0.0572228228226894	0.141333279972822	0.988306861516365	0.898805193879283	292.726433157266	245.16072000755	
4.3e-13    	0.0543406109316943	0.14290155060456	0.988244020896855	0.899196450041351	293.367920573066	246.755856626376	
4.35e-13   	0.0473875083853677	0.14776563909985	0.987886501552906	0.900645642212634	288.088494149199	248.083486031862	
4.4e-13    	0.0477274278059471	0.154646373241987	0.986816392181508	0.900384309673797	287.306295757652	247.545871294729	
4.45e-13   	0.0483817617253288	0.157726312502389	0.986296920545102	0.901180046024929	287.87241709609	246.05171693752	
4.5e-13    	0.0474313624422001	0.151814436428402	0.987270298727154	0.901381926642757	290.341028343757	243.735579894433	
4.55e-13   	0.0455820568634342	0.155886956322274	0.986722622088232	0.901621404546706	289.582141751368	241.542302562734	
4.6e-13    	0.0485807505289759	0.155445610727218	0.986649163980634	0.90170511350873	293.886491143511	241.549940205924	
4.65e-13   	0.0570796390259472	0.156871685361827	0.985968148136849	0.903966559125332	289.744277473045	242.085768330183	
4.7e-13    	0.0559329355957231	0.155017713009247	0.986327032666665	0.902516763605262	290.870685334801	242.536683615908	
4.75e-13   	0.0511411558377295	0.159810840384972	0.985822031339851	0.903593826132423	288.887460116328	244.58078660775	
4.8e-13    	0.0570069081852324	0.167467628440408	0.984228025329347	0.901568824683673	291.032314991611	247.694360280619	
4.85e-13   	0.0554211723187417	0.164174445160442	0.984873212761459	0.900197258201624	288.968584694305	250.13131327064	
4.9e-13    	0.0657969582482182	0.167873351852869	0.983610338509597	0.898570711040903	289.135636527204	250.553117322508	
4.95e-13   	0.0723608183460088	0.166956541336115	0.983305357085671	0.899368815813216	289.797050391978	251.017174937588	
5e-13      	0.073404611310847	0.16891056615745	0.982894187427453	0.898846411499751	294.873811752754	249.92001859655	
5.05e-13   	0.0716329311423935	0.162803644846634	0.984054722259184	0.898138773711018	293.798490846522	248.525306467068	
5.1e-13    	0.0678210944057999	0.163272153485212	0.984247175789649	0.898426597391384	297.158671136346	246.542346735135	
5.15e-13   	0.0737493379792248	0.160616130709801	0.984257839035808	0.898393044422214	299.151810117	243.626579235285	
5.2e-13    	0.0796375966879472	0.159695920623468	0.983948711127765	0.896320478203078	304.3295854165	242.040507646001	
5.25e-13   	0.081963971992319	0.158393367471697	0.983968215155458	0.897570138309956	301.921493828846	242.287031427339	
5.3e-13    	0.0778700488261472	0.162700936767785	0.983597814490607	0.89886504475294	287.427178415792	243.490818031864	
5.35e-13   	0.0789240232386963	0.161717860884285	0.983675928355893	0.900574828527352	284.904075087183	246.677899133601	
5.4e-13    	0.0810636256810951	0.16168707459991	0.983506979384874	0.901612981398248	284.97073152928	250.306491295376	
5.45e-13   	0.0748580648996548	0.158386837951102	0.984535362332573	0.897769635741087	291.045045218297	253.335428129238	
5.5e-13    	0.0766790436740064	0.163066944048846	0.98363077220053	0.897690715451357	288.591976061424	254.973383032547	
5.55e-13   	0.0836044411110372	0.167090937637866	0.982390409147916	0.897731211212593	286.223422637285	256.045845566299	
5.6e-13    	0.0940244474698539	0.169885250186913	0.980968095835394	0.897740600297722	285.941852904858	254.073935336041	
5.65e-13   	0.0879398675373643	0.166990525020417	0.982028891759767	0.901292880840373	269.909929755336	250.256475340965	
5.7e-13    	0.0874882988005504	0.171808634782831	0.981237784936478	0.897902344177713	286.329509519226	245.222300777318	
5.75e-13   	0.0871662510519515	0.172908808640788	0.98107318206746	0.897648636591777	289.479835104467	242.329165204828	
5.8e-13    	0.083094095731232	0.171440405018339	0.981684042236481	0.896349175329469	295.368224576505	240.755744728326	
5.85e-13   	0.0877577087096218	0.171333454804866	0.98129681127917	0.897094886236262	302.208213003872	240.641852487894	
5.9e-13    	0.0868270220423105	0.170595660184502	0.981508119665588	0.896705646307176	301.678606490927	243.710267934164	
5.95e-13   	0.0892703404766978	0.167880918389417	0.981756998218959	0.899894288864181	297.096187837398	248.170402566435	
6e-13      	0.0914453886799961	0.173551460347292	0.980570054356387	0.902064551756818	290.04585738215	253.096042646852	
6.05e-13   	0.0875847341099984	0.173272886738931	0.980971671900896	0.898753591858942	293.763338612155	256.488567764899	
6.1e-13    	0.0859794521610471	0.174796442522886	0.980843380712451	0.90002575088977	300.89179383765	257.642820179706	
6.15e-13   	0.0798312274062904	0.180973753470268	0.980242559617612	0.900252794113748	297.843131812846	258.367964703494	
6.2e-13    	0.0808254285349079	0.179140538170885	0.980497790760384	0.89901256720507	301.318454560195	255.766605684273	
6.25e-13   	0.0906994876058434	0.187617072099354	0.978045723473552	0.900593039660682	295.844735613821	250.89545551358	
6.3e-13    	0.089642434232978	0.192011963031704	0.977289946759659	0.901195786738622	295.633808024042	246.104191430202	
6.35e-13   	0.0902362719576549	0.197785854669882	0.976083075826893	0.897817209000877	303.716566375225	242.954800957577	
6.4e-13    	0.0844721598571671	0.201702655245795	0.975797362712085	0.89601146055536	313.053733219716	243.120416789159	
6.45e-13   	0.0940375777210604	0.201033689366388	0.975060197996049	0.898495487912682	301.500836956601	244.52074890731	
6.5e-13    	0.0944691466619673	0.208638800559446	0.973419452872232	0.898832101318108	303.225066286224	247.390356999697	
6.55e-13   	0.0962266561827217	0.202284286564687	0.974587860610272	0.898333941956983	300.432620287478	251.357127016678	
6.6e-13    	0.0998081804208235	0.198699139009758	0.974965116954379	0.900511210851948	290.04761074893	255.673329652673	
6.65e-13   	0.10003158741963	0.195287635094757	0.97563129362347	0.901011949387078	290.063428448622	258.709626805774	
6.7e-13    	0.106693298778162	0.187282541866085	0.976494643870622	0.898347586909452	298.02874406618	259.288087489271	
6.75e-13   	0.106322941352127	0.185793500592511	0.976819434327457	0.89516615036705	304.964895443431	258.223399193059	
6.8e-13    	0.109183091639831	0.184770459761941	0.976697972609409	0.895113247497074	305.728129721201	254.756481014298	
6.85e-13   	0.104834928706407	0.181767050838981	0.977737376268506	0.897234480187354	298.776254553315	250.243232005428	
6.9e-13    	0.109488471003317	0.187298779920379	0.976182074081313	0.900566787683286	288.949296865476	245.58992672147	
6.95e-13   	0.0958978202532799	0.194400401762719	0.976223382154496	0.898647905416025	296.801152192895	243.40641851978	
7e-13      	0.102084071491557	0.199002320452992	0.974667594004249	0.895858999097894	304.012884670202	242.648740753428	
7.05e-13   	0.104661316831999	0.199908101959175	0.974208786415967	0.897407522383736	303.034427386374	245.411943572396	
7.1e-13    	0.110828807647979	0.204706731186535	0.972528729448262	0.901972086066732	290.384888318608	250.666614956738	
7.15e-13   	0.0992987187292513	0.206900702860213	0.973309747004867	0.902622679879277	281.514693306609	254.431876033433	
7.2e-13    	0.106924281227985	0.211893826464999	0.971425861499425	0.900818635009516	291.393875080243	259.140346783752	
7.25e-13   	0.117568735704313	0.204334897083481	0.971815230493314	0.900146609142151	292.698332087056	261.914868067763	
7.3e-13    	0.124241592353838	0.20570995139346	0.970694309567684	0.895890974578865	301.263387505485	262.200442037908	
7.35e-13   	0.128574307697503	0.196591497662051	0.972018739761276	0.897853844921492	292.222615483575	260.987555260268	
7.4e-13    	0.138273517681985	0.193285457275032	0.9713501769773	0.896469080815272	299.816887879893	257.267959095899	
7.45e-13   	0.133957962647376	0.1961464824206	0.971381398667583	0.897739553768493	293.246492872812	252.224878071139	
7.5e-13    	0.12541940615073	0.197893298112913	0.972166763021032	0.899107093853131	288.0194053368	247.788172452587	
7.55e-13   	0.122647458698776	0.20087906417574	0.971908021600095	0.89890944483985	288.311839355824	245.522457223868	
7.6e-13    	0.116002225459157	0.199184016304343	0.973072048379458	0.897519794454835	297.637449245221	246.329404981932	
7.65e-13   	0.116842253577887	0.199033623512785	0.973002314740418	0.898309301009258	296.285035078487	247.867457083467	
7.7e-13    	0.116083784433619	0.203003504602471	0.972272663459527	0.900172140107372	299.487250789021	251.0774875222	
7.75e-13   	0.11979107173168	0.203814677244008	0.971653063841872	0.898672375991935	302.599145461014	256.292836285321	
7.8e-13    	0.126084865547597	0.205429123549062	0.970516090478519	0.900972903117172	295.629341838155	262.019045993432	
7.85e-13   	0.117412241466172	0.208022572805217	0.971051478943	0.903191515559371	296.483721058169	264.79334557533	
7.9e-13    	0.12213240329758	0.206090595616126	0.970881219544053	0.901378865571881	295.485676893803	265.399326844261	
7.95e-13   	0.125017761088809	0.206176044160985	0.970495748690569	0.898541395948464	306.173535485841	264.193653200227	
8e-13      	0.123010326751736	0.203736443428321	0.971267172888907	0.901321583555742	298.191687562287	261.074911352168	
8.05e-13   	0.117436987396403	0.205233834007513	0.971641717594419	0.900850490041094	299.737370288888	256.0803156847	
8.1e-13    	0.121224705491821	0.196099605293284	0.973061927927631	0.90218657806804	301.198440957948	251.632486339323	
8.15e-13   	0.12508642193358	0.186178565438207	0.974520871412832	0.901913691480808	298.541486545964	248.043561065858	
8.2e-13    	0.124598397808659	0.183955846043179	0.975005377405711	0.902382894624018	299.131793372864	247.320040712585	
8.25e-13   	0.129301345364951	0.184634606501662	0.974264452891919	0.903846763800238	299.090255189597	250.259756361888	
8.3e-13    	0.132759301094195	0.180471522542413	0.974579395187588	0.904176025141784	294.233687782404	254.898944732897	
8.35e-13   	0.132690119802919	0.182115433349364	0.97428296764475	0.903147240397617	295.274148969697	260.418190133903	
8.4e-13    	0.141357722791307	0.177786302463588	0.973863452884223	0.901124101501924	303.40627941807	265.410533414733	
8.45e-13   	0.132314913820241	0.176974798991612	0.975280823200487	0.90252346070217	297.681114081014	269.056998257433	
8.5e-13    	0.132920692502153	0.172776768631024	0.975950960717889	0.899101991581274	305.054261817602	269.862211748574	
8.55e-13   	0.127260872209547	0.17538741931497	0.976239685502746	0.899182057454517	303.456199760979	267.382086776154	
8.6e-13    	0.125886593456782	0.173631492934794	0.976731626522394	0.900136115952242	296.941930691699	262.956964708498	
8.65e-13   	0.13006700440699	0.169486622043485	0.976911899463243	0.901537210176062	297.844376629126	257.765594718124	
8.7e-13    	0.130380118860305	0.171992094402303	0.976432150263951	0.899901664047818	299.942609777535	252.687411786339	
8.75e-13   	0.129643973131082	0.172342050136229	0.976468462360986	0.897000680560627	305.245877881134	249.986391513271	
8.8e-13    	0.13748069483244	0.169885809465005	0.975826762438297	0.898517134614178	303.339536150255	250.072447569776	
8.85e-13   	0.145106911159889	0.170083153003217	0.97468749114684	0.897576693942567	302.500533907234	252.449610383353	
8.9e-13    	0.15129654781625	0.173211148524069	0.973194355021574	0.900314939999125	296.84963194447	256.605868019681	
8.95e-13   	0.144701519933718	0.170889309844139	0.974606748339999	0.901568148982872	286.690851751778	260.393955198466	
9e-13      	0.146602949946281	0.173593790368759	0.973844325861406	0.901102369027254	288.862031316415	264.886548872548	
9.05e-13   	0.140821990136066	0.182328953324307	0.973100878570038	0.899649226079013	293.725550270236	266.237769648958	
9.1e-13    	0.142129086353843	0.179041167689445	0.973521228882361	0.900403628346899	285.786835247447	266.05839670548	
9.15e-13   	0.138253551202576	0.175930587790777	0.974645773529783	0.89997272080425	282.211334237622	264.123834774851	
9.2e-13    	0.128458385987042	0.175322844852113	0.976094433516843	0.898646201964375	287.889760007711	261.42949877139	
9.25e-13   	0.12414895392033	0.174952205451589	0.976718364242279	0.896036989697158	294.467007446914	258.660863874371	
9.3e-13    	0.124111471579211	0.176277159732514	0.976484872171136	0.896801658172364	291.924611309133	255.974962479177	
9.35e-13   	0.128621272714741	0.175774367084516	0.975991772547944	0.898074876499709	289.991899721914	253.802319144354	
9.4e-13    	0.136525903773422	0.17212300811266	0.9755687303707	0.894595588033816	303.474340432133	253.669278772873	
9.45e-13   	0.144775601035122	0.172896166120893	0.974241726208448	0.897821365429074	293.447166781055	255.08197775564	
9.5e-13    	0.150569301688622	0.174671374950706	0.973046142873929	0.897118924975918	301.866159972608	256.967539514247	
9.55e-13   	0.149762426571786	0.166544651433245	0.974594323124401	0.894449567869455	315.066133331199	259.423650498883	
9.6e-13    	0.143681793240755	0.167485251369022	0.975348262347853	0.895002425910128	310.43778967625	263.393060489434	
9.65e-13   	0.152814486889044	0.171346349246953	0.973287296329598	0.894770349971045	308.831606503826	265.977109509774	
9.7e-13    	0.158185450140489	0.171482348238345	0.972404837301067	0.896707102866894	296.960227054232	266.397664766356	
9.75e-13   	0.156804977158623	0.16890311895009	0.97307961418746	0.896692202061003	301.550985363172	265.42001208008	
9.8e-13    	0.160123024792039	0.168552675252796	0.972599924221966	0.897676222651232	294.010463950502	262.282185949816	
9.85e-13   	0.161731760416817	0.169610150021972	0.972149800535906	0.900168081764427	288.21671043764	259.955264189254	
9.9e-13    	0.171703506660846	0.167461525186297	0.970811281033882	0.89971966419526	294.865860350192	257.520077531666	
9.95e-13   	0.172512052091808	0.168629138526269	0.970465767311223	0.898863591062391	292.598599332329	256.40800188417	
1e-12      	0.17620424263432	0.163666199188712	0.97065206954953	0.898508586900466	292.389515610231	256.134816574487	
1.005e-12  	0.175464421985409	0.161747693085025	0.971107574061185	0.899761520428038	290.698555645366	257.621451846259	
1.01e-12   	0.174850125621325	0.166792755461892	0.970364679023117	0.898640597969143	292.85146842921	259.340241941178	
1.015e-12  	0.178820330274065	0.176758663593954	0.967873785328001	0.899712724146286	294.088918266309	261.710661314612	
1.02e-12   	0.182731300505355	0.178898471597195	0.966749506685061	0.9013809691872	289.206864976194	264.498617295156	
1.025e-12  	0.183009185547621	0.180838294909899	0.966335940084646	0.897999498238251	293.958370721959	265.667662666516	
1.03e-12   	0.181762520709754	0.177253026924173	0.967235106120252	0.896912528617455	295.415037377097	266.659311195992	
1.035e-12  	0.17571173258978	0.178904263546267	0.968048889010914	0.896258490738388	303.654116793786	265.959094280237	
1.04e-12   	0.175804169055431	0.183907395019266	0.967094082393206	0.897303070462583	303.740609831699	265.028172731923	
1.045e-12  	0.176288159712775	0.180730928918569	0.967604679648313	0.897608811202666	302.314839281185	262.737929332624	
1.05e-12   	0.179093481115827	0.184557261567487	0.966366463731293	0.895400838080735	306.345954801233	259.677940383571	
1.055e-12  	0.182163828288864	0.185748687256843	0.965563962068544	0.896285777179893	312.397323437483	258.334855459993	
1.06e-12   	0.182750684370406	0.185796083469967	0.965443940749213	0.896617119677209	307.955989851038	257.452168726553	
1.065e-12  	0.193317170990147	0.188458671382594	0.962866450023612	0.898142954882643	300.391195021771	257.427564884624	
1.07e-12   	0.187387414223954	0.188839815085966	0.963963423179925	0.901694452933809	292.601440312396	258.463000081488	
1.075e-12  	0.182866007733667	0.1931810081007	0.963971535536578	0.900187056630627	298.991316339377	261.270010203864	
1.08e-12   	0.184778781058461	0.191370077347571	0.963967995094512	0.899003607583869	298.819536727128	265.06342321886	
1.085e-12  	0.184712511356913	0.184876890257405	0.965247027240682	0.898330592642422	300.153061499006	267.595160423314	
1.09e-12   	0.186478576473829	0.18231194452078	0.96539530525135	0.902152285509107	295.196832783393	268.261413464179	
1.095e-12  	0.189872237550656	0.181995574696736	0.964793316829212	0.898454918084028	296.19236711082	266.616435537493	
1.1e-12    	0.181394077924651	0.180253186059951	0.966749697392817	0.899028736494988	290.828471565271	264.214343386243	
1.105e-12  	0.181957239935347	0.18375785823486	0.965983753679143	0.89917341803633	289.595119756705	260.756323147512	
1.11e-12   	0.183382363297427	0.177212010051115	0.966936819200249	0.898672478489321	294.51327034221	257.851796912406	
1.115e-12  	0.176422850349794	0.176032950323671	0.968445857172614	0.897850532136983	297.8796768412	256.724284279701	
1.12e-12   	0.168520258834933	0.179661941865271	0.969186519204331	0.898535108967196	297.506014794828	258.001623240396	
1.125e-12  	0.1691356108626	0.178315519589145	0.969327973707449	0.900818896897822	286.415160604045	259.944871175045	
1.13e-12   	0.167422312667204	0.177071522408211	0.969853311162674	0.898867452688167	290.575930804929	262.4766245731	
1.135e-12  	0.160873700827154	0.172460423768083	0.971790643408295	0.900146447348689	291.453883080998	263.947711724508	
1.14e-12   	0.159542808115938	0.164585215429063	0.973374439381192	0.899082308099681	296.105308146013	265.749190497001	
1.145e-12  	0.159576503097087	0.163198260935041	0.973602417461606	0.897198888929805	296.005750307837	266.004186326162	
1.15e-12   	0.159017108870097	0.158367500103357	0.974491300113864	0.896073482120678	302.828231101177	265.756370387191	
1.155e-12  	0.159252752007981	0.151603964660341	0.975527959044307	0.8962553707925	299.723569743256	263.45032676587	
1.16e-12   	0.156250887373912	0.150723731792877	0.976149587342685	0.896496459209136	303.666728548354	262.049136619491	
1.165e-12  	0.1581115845464	0.146011270954245	0.976566145013512	0.894360117717848	305.575693530044	261.037409226606	
1.17e-12   	0.158206336856273	0.148346093137468	0.976198848406086	0.895432669885948	302.917872782315	260.451263268539	
1.175e-12  	0.14802782832889	0.151586468726636	0.97729693775189	0.897443412673273	290.731219192526	260.373060783388	
1.18e-12   	0.144632678433399	0.159944043537354	0.976472883016268	0.894874914342831	301.416402274332	261.255165564703	
1.185e-12  	0.142535021674494	0.160303443640269	0.976722362574607	0.894660112338466	297.092478197143	262.327905211748	
1.19e-12   	0.138811855996453	0.165730361287663	0.976352762060046	0.894869186847704	298.068355532917	262.628426447408	
1.195e-12  	0.136496186442518	0.164743607416489	0.976846116285493	0.895151427915548	297.634524120673	262.991484462581	
1.2e-12    	0.127354538737238	0.160164465895253	0.978840214400447	0.892581664729358	303.583092153359	263.322646320801	
1.205e-12  	0.125831693056919	0.163554503885948	0.978476524644843	0.889962758374308	307.740718657665	263.011682025873	
1.21e-12   	0.13026346271925	0.167386853349115	0.977247702277305	0.892749340335135	302.60121936536	262.918684959715	
1.215e-12  	0.123713339580053	0.171898891689841	0.977315599305442	0.896206275985221	298.480976463259	263.064867028874	
1.22e-12   	0.121054563186288	0.175508638565076	0.977006914264587	0.899011381944213	295.982517555937	262.992984033689	
1.225e-12  	0.120735923429835	0.172883550526699	0.977514252965565	0.896305924131028	298.152578538133	262.577681804894	
1.23e-12   	0.125106248375771	0.173635940123891	0.976831094363111	0.89578815959802	294.467076631792	262.297377901898	
1.235e-12  	0.120193117936064	0.172254618405312	0.977692160569393	0.895513657236044	293.848486239661	262.394844338163	
1.24e-12   	0.134451405214746	0.172394124837289	0.975808938961601	0.892474246101401	299.053727024816	262.753521618204	
1.245e-12  	0.130446237089083	0.176076868976167	0.97569499098891	0.892617029734989	299.025868539888	262.624056795701	
1.25e-12   	0.126712448830765	0.174056823773012	0.976549116741888	0.891760189742725	296.768953885854	262.669662245656	
1.255e-12  	0.124903128198039	0.175964449315349	0.976440331583804	0.891574380265638	299.913048741423	263.031724649138	
1.26e-12   	0.113289767428413	0.179878688037779	0.977143329397394	0.891845377857516	301.093023526851	263.965734191214	
1.265e-12  	0.108679159715495	0.186260682551017	0.976471094492389	0.894206619045579	295.267898540674	264.549149528929	
1.27e-12   	0.10840152531729	0.189983318068911	0.975784529578335	0.89371020401319	302.714682873742	264.807470878113	
1.275e-12  	0.109254609207054	0.19153946665027	0.975385084508854	0.895741827457091	299.881476508222	265.728963906454	
1.28e-12   	0.109090077377267	0.196973974185248	0.974320588159509	0.896001948491561	298.527657535087	264.684962166374	
1.285e-12  	0.104655442919679	0.187121136789345	0.976746086981642	0.894988429395473	294.911764074962	265.228231017081	
1.29e-12   	0.0998658080424995	0.187700834215933	0.97713623268133	0.894897847211281	290.81235983234	263.480796465191	
1.295e-12  	0.102409017948071	0.198616562842256	0.974712190345252	0.891929233189621	300.812995940384	264.539104029468	
1.3e-12    	0.102764454017162	0.195440023300527	0.97531669947912	0.890813659558884	301.355191624959	264.94782712148	
1.305e-12  	0.106456481002657	0.192483835645121	0.97550858051986	0.891928645894896	298.203993466654	265.00138411473	
1.31e-12   	0.108041263795281	0.190438484816984	0.975735757681417	0.891882163392251	298.35774959717	263.988511611889	
1.315e-12  	0.108226400524031	0.183696834466731	0.977006918724998	0.894017173105339	296.804003079738	263.014030075255	
1.32e-12   	0.109941625066618	0.186821629958064	0.976222575879867	0.895611454724197	296.422788036221	263.209178170401	
1.325e-12  	0.113386431199594	0.185235733242789	0.976130749618014	0.894638405392989	293.956972600347	263.398718490634	
1.33e-12   	0.109947378326389	0.191866423148229	0.975242969555515	0.896731911514648	293.838981568512	263.205126038992	
1.335e-12  	0.104719909962504	0.184242338552089	0.977286294359182	0.896985035067185	293.982665360114	263.293511966769	
1.34e-12   	0.107544190891567	0.189240456702338	0.976023717208024	0.895442600918869	299.563757465064	263.913684553386	
1.345e-12  	0.0995985974152316	0.182989197711127	0.978056784094848	0.895325553673374	296.303439967928	264.866320425185	
1.35e-12   	0.10019944061925	0.18006462462328	0.978538094842948	0.895320239215445	298.13656633379	265.552264755321	
1.355e-12  	0.102551112593128	0.182364496047945	0.977868324411365	0.894754584749507	291.766620356742	265.831877138551	
1.36e-12   	0.102970295687543	0.182857943773097	0.977732115973028	0.894551108692005	292.448127191656	266.666834476701	
1.365e-12  	0.102648743990952	0.183473124273325	0.977650677914389	0.892822239671672	287.036145285693	265.264808607878	
1.37e-12   	0.100699920037974	0.180485859965741	0.978409106895869	0.890003542386131	296.399718229697	263.63217651834	
1.375e-12  	0.0995828072761619	0.180872212029468	0.978452097657604	0.886993251543311	303.776325394146	262.70275010698	
1.38e-12   	0.102380141000263	0.184415572982042	0.977501510571964	0.886590348998511	304.110815247697	260.695438082977	
1.385e-12  	0.103369818974466	0.186673940665204	0.976968536034662	0.886990642372288	305.171635517154	259.405412370648	
1.39e-12   	0.106539515765394	0.18858127811739	0.976261457358677	0.889074839611587	304.016606384792	259.847772048623	
1.395e-12  	0.107006165243338	0.186527200982787	0.976604978429581	0.887537505047851	301.638010767791	261.7267094656	
1.4e-12    	0.105302329402718	0.18855860048592	0.976400058175517	0.887104267868875	307.941396321083	264.395222304382	
1.405e-12  	0.102680422576203	0.187966771220878	0.976793337270669	0.890838265442162	298.183082374103	266.603972138312	
1.41e-12   	0.097705634128022	0.178501380326071	0.979076537499152	0.888188350563031	312.632026714474	268.045464713287	
1.415e-12  	0.0932196543510607	0.179297922576521	0.979368342863099	0.890744398630447	305.582816144543	269.147207461831	
1.42e-12   	0.101224966272614	0.183939757189958	0.977711446147588	0.892725590701797	294.846992278002	269.202249010529	
1.425e-12  	0.0956613298194504	0.184541214566774	0.978158192780388	0.888688714695302	305.198955523686	267.006709940851	
1.43e-12   	0.0960858571344459	0.188078785299441	0.977442519322249	0.890238900557955	302.772905385859	264.588405852301	
1.435e-12  	0.0964725690257192	0.186294229771156	0.97774613442322	0.89199565530142	301.684990113986	262.02667053244	
1.44e-12   	0.0953480918989053	0.191649707344699	0.976820930900812	0.896023011993249	287.572466730665	260.321238541463	
1.445e-12  	0.0967149748102191	0.192334306503628	0.976551958775992	0.895259658621093	299.262356313641	260.768033742638	
1.45e-12   	0.0880227127805059	0.194867563584066	0.976871861964286	0.892187121110728	304.598894752258	261.804021631565	
1.455e-12  	0.0924809088750958	0.198698422349955	0.975687561901491	0.893656674202542	296.413119342486	263.648908087155	
1.46e-12   	0.0869239662910851	0.199498718832509	0.976035084035617	0.894874268432385	292.001085111916	265.530993569912	
1.465e-12  	0.0846675040171705	0.190270836371045	0.978073832893082	0.892287401668153	293.217592446996	267.006281113528	
1.47e-12   	0.0875173697087857	0.19139211419018	0.977604096055795	0.891465029800581	293.674961253163	267.976448799373	
1.475e-12  	0.0816562541698087	0.186139010472029	0.979124366429234	0.891436069023215	302.310244819997	267.574030294245	
1.48e-12   	0.0797736392284935	0.200418410728447	0.97645718140906	0.891232656101249	298.105652610885	266.454653125878	
1.485e-12  	0.0799122930594793	0.201964171143848	0.976127296510119	0.891773032952706	300.07392954649	265.166652809263	
1.49e-12   	0.0833423704367684	0.19926125322819	0.976395924946388	0.8919298788068	301.964588130882	263.501072822746	
1.495e-12  	0.0855038908017322	0.199551483353466	0.976149727321171	0.894467977613076	301.551021228543	262.675448117463	
1.5e-12    	0.0832005838603288	0.201697878921733	0.975907592184718	0.892064041503149	309.653219899225	261.574378169351	
1.505e-12  	0.0860575459587956	0.193506155333018	0.977317485074213	0.893643123405677	305.263032127157	262.884422933206	
1.51e-12   	0.0890222996310278	0.198250737354113	0.976100238350014	0.89312045343161	309.801654596076	263.38442979569	
1.515e-12  	0.0889161612529786	0.192153550891341	0.977328465331837	0.895174619439248	300.711605313988	264.380042042543	
1.52e-12   	0.0875476157632309	0.201716579667809	0.975523365410227	0.89220754756336	313.956375248142	266.048240806902	
1.525e-12  	0.0849374507042839	0.197058063133041	0.976705559123174	0.891188937442143	308.778665655989	266.686295757948	
1.53e-12   	0.0837942079514072	0.198871144037551	0.976436786885353	0.892914620843796	306.102417348181	268.923837480477	
1.535e-12  	0.0906329614218257	0.201430759655047	0.975300628200711	0.896296650298369	296.90077825081	269.434595555926	
1.54e-12   	0.0934157376560873	0.196713336666743	0.976000698327417	0.893997378082684	297.073423356035	269.148284513691	
1.545e-12  	0.0982295029242336	0.20311969544387	0.974214223914868	0.896408265362231	294.360040054468	268.623843029616	
1.55e-12   	0.0927891833139117	0.20226339985724	0.974925476402236	0.897541314738957	294.680250164751	267.399290001746	
1.555e-12  	0.0922109158760521	0.201360240328631	0.975167268015132	0.893561441070139	302.501312374209	265.857669655094	
1.56e-12   	0.0863530754304729	0.203513622781215	0.975256556863969	0.89714954987749	285.595282290018	264.837065898481	
1.565e-12  	0.083690382705016	0.212601144049636	0.973548495654671	0.896056404959402	289.978037984783	265.748118941219	
1.57e-12   	0.0830498691905855	0.206086999666942	0.975003009121359	0.896167530650776	288.057119678533	265.443768237985	
1.575e-12  	0.0799817670959206	0.215695300968414	0.973179559008696	0.896099441684091	296.20533054005	266.530014417557	
1.58e-12   	0.0788373030347584	0.212094434747729	0.974063976543249	0.898320712261915	287.458742222576	267.458654748104	
1.585e-12  	0.0786119255498192	0.210321703755873	0.974466493056881	0.899195684628566	285.241492688861	267.681429332732	
1.59e-12   	0.0802749786564736	0.21400730354769	0.973528017999456	0.897534259319821	293.850302030508	267.254719788796	
1.595e-12  	0.0919304353008233	0.221817298995471	0.970745013343749	0.896534176736752	288.679928695097	267.617777623636	
1.6e-12    	0.0902349717595556	0.217248185407752	0.971936662446989	0.894919713923334	295.906551476013	268.21870737917	
1.605e-12  	0.090443948689957	0.21981425398008	0.971340097953621	0.893873035250745	298.894163535483	268.018223441485	
1.61e-12   	0.0834014747301093	0.227958754930203	0.970092263686045	0.894281680069853	298.713733897086	268.211278587007	
1.615e-12  	0.078722012397944	0.230327723482059	0.969923700380391	0.891400554908604	306.936996350795	268.256781315654	
1.62e-12   	0.0777819909064818	0.233722239527401	0.969187224761511	0.893761451041187	297.015241681821	268.51083948425	
1.625e-12  	0.0825491805981332	0.234753884013499	0.968543363367461	0.892689195744496	299.827607334142	267.908499010158	
1.63e-12   	0.0898866762525172	0.229586765219974	0.969128630610046	0.894211867090727	296.514501120017	267.10330835579	
1.635e-12  	0.0837247779027159	0.233464010378923	0.968754208983337	0.893847285651167	297.947635782408	267.063336891635	
1.64e-12   	0.0825631236795401	0.234077610020412	0.96870583930077	0.892765296276244	297.767939890968	267.570166512672	
1.645e-12  	0.0818685183195131	0.241784566432782	0.966870089072508	0.891739751597325	302.905328091054	267.852874333642	
1.65e-12   	0.0782086307268566	0.236646237996882	0.968443063954589	0.893672879727345	294.652968421561	267.110259514748	
1.655e-12  	0.0802158690048569	0.238498773873463	0.967824234673141	0.890317111714145	307.975159950071	268.83332115619	
1.66e-12   	0.0773897265161151	0.242032689131325	0.967176823348048	0.890967351810112	306.492508209982	269.660384769488	
1.665e-12  	0.0739226112316266	0.244772291882134	0.966758487252874	0.893684971580085	304.622402877259	268.807206453291	
1.67e-12   	0.0684968438201667	0.248080781885089	0.966314704455002	0.893268000731168	301.317050554862	269.158714446038	
1.675e-12  	0.0748096353599949	0.243395876469083	0.967037727172602	0.894753431909368	296.485811458449	268.24023973837	
1.68e-12   	0.0727849112494397	0.249180187280643	0.96571817367242	0.895256596852151	301.1977212483	266.946908462187	
1.685e-12  	0.0773686041910994	0.244817015120539	0.966477484576331	0.894990726357044	297.294950668515	265.794328321326	
1.69e-12   	0.0812469196515971	0.244156681791968	0.966326266218332	0.895553726940543	289.718415868774	266.244532011075	
1.695e-12  	0.0824603795296893	0.243154554258548	0.966476150016723	0.895796169067687	296.212798845872	266.519388949639	
1.7e-12    	0.0792882636337892	0.242828236255916	0.966823571768283	0.897285196436319	287.854294426094	267.11385520005	
1.705e-12  	0.0808904851235799	0.244370804133489	0.966302043619708	0.897058963642334	288.381314826477	267.276478699077	
1.71e-12   	0.0763723537178152	0.241670123878911	0.967348342021607	0.896584311673586	290.355273132501	268.720839133155	
1.715e-12  	0.0708952525883379	0.239992646454663	0.968182520400014	0.895720621853845	292.664883311143	269.294287251907	
1.72e-12   	0.0697961282832799	0.236001675111975	0.969242853892153	0.895831278340152	295.514260339988	269.776326631714	
1.725e-12  	0.0613134561359239	0.240418694542799	0.968730876668543	0.895287497212663	297.489913450127	270.839145592184	
1.73e-12   	0.0695314481383108	0.242099755559694	0.967756728769026	0.892756156735115	307.152895894112	271.847723249746	
1.735e-12  	0.0586642904703519	0.245931869242842	0.967510215302315	0.893908666043846	302.64400753292	271.532169160341	
1.74e-12   	0.0548879465493983	0.245588545240939	0.96781898088952	0.894098281050499	295.606458075932	271.633450193723	
1.745e-12  	0.059111154444576	0.246070731351382	0.967447707420109	0.89404164557431	301.223248615246	271.340382997052	
1.75e-12   	0.0588864642687751	0.24255712669179	0.968348297162206	0.89393765218669	297.151544109791	270.783218219916	
1.755e-12  	0.0560487124679506	0.236963041786027	0.969900540601045	0.892805805041992	302.782673211294	269.724536799624	
1.76e-12   	0.0546971353555228	0.235855168608366	0.970247681174564	0.892835485587036	304.814156735484	268.063242537237	
1.765e-12  	0.0526589068571975	0.232653027779841	0.971133156777935	0.891337680331658	307.783398510055	266.65772150123	
1.77e-12   	0.0517063286684076	0.225941113092964	0.972767736404712	0.891934411717614	311.020482584631	265.530038291442	
1.775e-12  	0.0469591647621087	0.222215813107577	0.973865991422733	0.892960595256832	309.388546711514	265.520598071186	
1.78e-12   	0.0539688489637102	0.216152889239111	0.974866807217846	0.895577092652617	304.144596321434	267.355276456275	
1.785e-12  	0.0574545366128671	0.211134942225831	0.975766884247409	0.893841289937315	308.385105774719	270.219440600062	
1.79e-12   	0.0566009571282603	0.212261724657427	0.975572289426888	0.888919020457159	313.389369895116	273.108943575073	
1.795e-12  	0.0576948217129735	0.217651578121528	0.974319813043293	0.889925637494988	312.45409924861	275.659945382659	
1.8e-12    	0.0615597192906675	0.217399439311319	0.974139561227229	0.891056643770239	306.018419344975	277.303768540168	
1.805e-12  	0.0642683402414385	0.219751903480457	0.973436531757118	0.89548484552182	299.685106709966	276.64999338529	
1.81e-12   	0.0688569290860578	0.217372171653576	0.973657055799138	0.896823449319262	291.349214867795	274.188714417295	
1.815e-12  	0.0666615146956542	0.21287952696862	0.974801800088663	0.896094364174956	294.958574696636	271.151822792579	
1.82e-12   	0.0749064620411997	0.209405909529379	0.974955479495676	0.896156971726087	296.037184812451	266.609933609826	
1.825e-12  	0.0716267999279549	0.213913988134958	0.974222976126245	0.893604578096079	302.738108416847	262.637549733925	
1.83e-12   	0.0703511607855262	0.212177425009218	0.974695570161569	0.891297274304952	311.788435324732	261.747845078687	
1.835e-12  	0.0756061356276522	0.21840209536727	0.972925607122476	0.893972625357144	299.213328825015	263.750756722275	
1.84e-12   	0.08538813576221	0.221026238778325	0.971522654415511	0.895129630337153	297.529620683425	267.379544889726	
1.845e-12  	0.0857596106411222	0.219876991346155	0.97175068708967	0.895381908757013	299.57593267618	271.354730169106	
1.85e-12   	0.0839999962432146	0.219022469908993	0.97209729878552	0.893737648609664	293.872194014942	275.398861741461	
1.855e-12  	0.0897474936180137	0.222560251755653	0.970779234289519	0.893910141703058	301.227753160311	277.857740870296	
1.86e-12   	0.0966982114965785	0.2226938862238	0.970080867212576	0.893367137616239	302.251170071731	277.935364317289	
1.865e-12  	0.0906007116217639	0.225173009200113	0.970097225530202	0.895161182500754	284.970161808708	275.767831737736	
1.87e-12   	0.0893345970486012	0.220661837149919	0.971250577037557	0.894178249000822	284.124675158663	272.286765038382	
1.875e-12  	0.0876912933510854	0.225156321131633	0.970368418759021	0.894537138124442	295.289094131076	268.856632846334	
1.88e-12   	0.0824210659941138	0.225579690744244	0.970731976914393	0.894245010768706	295.64186258789	266.65557250632	
1.885e-12  	0.0868390503853872	0.223960418976952	0.970721746979963	0.893760617084434	299.187790631645	264.645999447086	
1.89e-12   	0.0906651962950258	0.227054051345608	0.969652659434465	0.892995216005492	300.184066433226	264.632296094277	
1.895e-12  	0.0908959611077886	0.220671832047427	0.971103427444844	0.89415574613975	299.342526264101	266.737915223977	
1.9e-12    	0.0934401569883122	0.21560374171156	0.971999981287024	0.893975078481156	294.470814308885	269.33546308957	
1.905e-12  	0.100608608730337	0.213997334476739	0.971639361433138	0.89335447627989	296.979725084779	272.683727218488	
1.91e-12   	0.107747986642108	0.210627396661294	0.971610246523913	0.893383003349382	295.457251298732	275.367075532391	
1.915e-12  	0.110265144328201	0.212163724733636	0.970993384042049	0.892742257441049	294.987553303304	277.453574332649	
1.92e-12   	0.114152700192588	0.219311402787729	0.968953904809728	0.891664084533388	289.737393712679	276.610203997226	
1.925e-12  	0.115062045846036	0.211142913014431	0.970659258385508	0.890795260672523	300.124833853317	273.910297341954	
1.93e-12   	0.111731908057225	0.218799892889638	0.969351632584056	0.892279677429153	292.312628332606	271.00311622517	
1.935e-12  	0.118099305658545	0.2182560378356	0.968719183226633	0.891951116619005	291.990531060802	268.373575032228	
1.94e-12   	0.115063466213864	0.214757671542255	0.969865733623268	0.892693766719092	289.525875926053	266.758358511179	
1.945e-12  	0.104098535538881	0.21500127965064	0.971049918720581	0.890293660440296	292.971345619321	266.828484493571	
1.95e-12   	0.100902719721951	0.212783814034524	0.97187534675885	0.89099575632291	291.876096154607	266.539717534033	
1.955e-12  	0.102984772821809	0.212384346922047	0.971744321181933	0.891735768675807	296.205432774553	267.413234274012	
1.96e-12   	0.103358401133207	0.217123440504629	0.970656711973198	0.892833027123541	292.617236835301	270.400917453064	
1.965e-12  	0.101132816270331	0.213496994663663	0.971695007058704	0.893494840395834	285.137840217088	273.025454474132	
1.97e-12   	0.100265257400312	0.208411135268937	0.972888316742658	0.895333003695622	283.34395022382	275.124085838147	
1.975e-12  	0.101331155071307	0.212954415689867	0.971793400806006	0.893210794808133	291.881902018914	276.519355668412	
1.98e-12   	0.101917492897128	0.209706228405433	0.972438235781344	0.893526050321541	286.304858511817	275.45658968368	
1.985e-12  	0.107539032077272	0.202605963637803	0.973337649574022	0.892714690047387	287.970872005958	273.673117047978	
1.99e-12   	0.112019101577479	0.206828058160388	0.97194334980974	0.890021279492098	300.154382389173	271.195316310322	
1.995e-12  	0.111454266665383	0.198857077393781	0.973670277461773	0.889779183091699	297.707948154324	268.57498945053	
2e-12      	0.112697142755162	0.202000786616929	0.972879764524355	0.889780885146252	292.023687527573	266.821122610478	
2.005e-12  	0.112638702401423	0.197330067452219	0.973844631961704	0.890573417325535	297.095169133761	266.744428682341	
2.01e-12   	0.111231410792804	0.198207594619843	0.973828179243165	0.893465681376744	285.375251233358	267.092148914751	
2.015e-12  	0.111879016412892	0.198196281872483	0.973756293709266	0.892897839846656	285.422667059643	267.258154524393	
2.02e-12   	0.109390620687358	0.195801510413819	0.974523196555783	0.893214472687065	285.401120188035	269.398292814018	
2.025e-12  	0.115192395579807	0.193369733371909	0.97434021687307	0.891792718157235	294.836394059302	271.740061037193	
2.03e-12   	0.122913847588486	0.193596528713083	0.973351205958691	0.891521542744123	296.143082655466	274.786952186324	
2.035e-12  	0.125398388497208	0.191267470759205	0.973494734855654	0.892551585068376	298.219157308683	276.764047289783	
2.04e-12   	0.117550598557779	0.197935563197728	0.973140981358974	0.89254059678014	297.231086621351	276.696691670277	
2.045e-12  	0.112853292358524	0.201263190373999	0.973014523326513	0.891912841682024	300.910575608673	275.489785990784	
2.05e-12   	0.111657212920543	0.205514666840811	0.972263538612925	0.892040012918267	296.219493305076	274.169796230276	
2.055e-12  	0.103619428245752	0.210132766404063	0.972166258709589	0.891170180189056	302.176135877683	272.262165162341	
2.06e-12   	0.10135770354482	0.207128329569926	0.973049058897696	0.891177149144929	302.805088741888	270.816289814213	
2.065e-12  	0.101914634474714	0.212916407885534	0.97174071157537	0.892899916366105	297.414187199872	268.966140351851	
2.07e-12   	0.0996103736119563	0.218212866690248	0.970804263628725	0.892800621498818	292.773959645655	268.591773870626	
2.075e-12  	0.105688636119906	0.223019997632953	0.969067589413097	0.893234504189235	293.215307752731	269.281927962757	
2.08e-12   	0.110417085645082	0.222864031042636	0.968576115163426	0.891115724661355	302.925966726442	271.883838157595	
2.085e-12  	0.11729995226455	0.219912171588277	0.968441716359876	0.890845298624013	302.061522783586	272.913457849745	
2.09e-12   	0.117627988556267	0.21572975877689	0.969342213816293	0.89105046187225	300.333975959851	273.734071183809	
2.095e-12  	0.115040593517009	0.214838782302806	0.96985048304463	0.890456618900702	303.751671549166	275.18009401084	
2.1e-12    	0.112860455622128	0.219556381044182	0.969049799081321	0.889818342444437	299.762655726566	276.193925960997	
2.105e-12  	0.118052964076209	0.220804980047412	0.968147023162848	0.894521223532147	289.187524477915	276.764005104421	
2.11e-12   	0.117433426822333	0.221569580780814	0.968047680198335	0.891589897891466	297.291948304794	276.676885934289	
2.115e-12  	0.119746256832918	0.232793893180559	0.965125814219236	0.894882883454865	294.518797369162	274.566424135409	
2.12e-12   	0.111773139658416	0.241560718194272	0.963926960239399	0.895588295565216	287.525308465964	273.934359605527	
2.125e-12  	0.10302834279639	0.23658773414234	0.966132187971203	0.896440191152927	287.076600368346	273.466132267016	
2.13e-12   	0.0937487025735717	0.238307038927956	0.966654507030905	0.895652872729163	292.574674456576	272.874008861829	
2.135e-12  	0.09923658327505	0.243817946478138	0.964730485428484	0.894230685097009	298.087600910786	272.748619384614	
2.14e-12   	0.0980129731913322	0.241825545467315	0.96535685766748	0.895431503329152	293.149251109618	272.887737392312	
2.145e-12  	0.0928127614847253	0.248206904093956	0.964250550461691	0.893683318242499	300.062183400742	272.785529021567	
2.15e-12   	0.0996006137512879	0.250320392682079	0.963026177602591	0.893342568398645	297.349147080272	274.459941606819	
2.155e-12  	0.103839683532337	0.257287010162139	0.96073967052773	0.894571334997087	292.382222173634	274.871491868567	
2.16e-12   	0.103770063034424	0.245847175880577	0.963738003883512	0.895834534992186	295.241964666867	276.074864955814	
2.165e-12  	0.0992956662399247	0.243638081527805	0.964769846074918	0.894452658582139	297.655512103969	277.20729111743	
2.17e-12   	0.0849097223936463	0.246187052132392	0.965495869698777	0.894780789194796	300.423302659918	278.414765540754	
2.175e-12  	0.0850936640027667	0.2522222415082	0.963920644677332	0.895260099708773	301.983655179129	277.992936604534	
2.18e-12   	0.0816841917470957	0.252535256580749	0.964133619890064	0.894757133723869	301.624894336497	277.214043700358	
2.185e-12  	0.0893641806834958	0.24782610806864	0.964674174719277	0.893938348826846	303.407628089574	275.292669528386	
2.19e-12   	0.0820448101304272	0.251840222378057	0.964284787561866	0.893789666667425	300.67247621065	272.430651991178	
2.195e-12  	0.0785278146722081	0.243051412989935	0.966829557350417	0.893891818596196	295.884226563621	271.706160002659	
2.2e-12    	0.0834588970682418	0.242645296323434	0.966518428521808	0.895266197350995	295.649419497679	271.782617211408	
2.205e-12  	0.0857621740221116	0.238041010349999	0.967461279276102	0.894000025963622	301.917443780341	271.304245944075	
2.21e-12   	0.0866577590459024	0.231481579301364	0.968971986819685	0.892064086195911	306.687840553382	272.883324910021	
2.215e-12  	0.0833963477088092	0.225511652084737	0.970664485784271	0.894310683957328	305.620488900533	274.713931729905	
2.22e-12   	0.0767233478069049	0.226046170250586	0.971090447289203	0.89655816349481	300.663096427708	277.106173919966	
2.225e-12  	0.0720928476904681	0.230191908462066	0.97047117761965	0.895138614560669	304.559370922858	278.821967023912	
2.23e-12   	0.0724872585303033	0.228805249161121	0.970769671604484	0.894000125932444	307.407380907057	278.822811407247	
2.235e-12  	0.0714297566716202	0.223775033248888	0.972019816853696	0.891806467413518	305.884862479923	278.040661667624	
2.24e-12   	0.0610460349071132	0.232144567285978	0.970763761943	0.89289950514104	307.517113405995	277.464309540707	
2.245e-12  	0.0542684338106404	0.230633098195312	0.971526279165197	0.893210883394546	310.26254754053	275.931192885171	
2.25e-12   	0.0612303174317163	0.234541343491259	0.970175863655928	0.895771331765982	304.323189901987	274.199883669963	
2.255e-12  	0.0644312084700008	0.233460808325595	0.970229184446157	0.894422069809991	307.663349515045	273.253943619836	
2.26e-12   	0.0603321300553699	0.238985511605734	0.969147026681467	0.89410484009562	307.918592607462	274.164883170331	
2.265e-12  	0.0596799430044246	0.235359345909466	0.970074369672788	0.893355997247856	317.968681283778	276.380792066722	
2.27e-12   	0.0616603468532022	0.235439676203845	0.969931008110871	0.897034470728842	302.66039403785	276.946849061394	
2.275e-12  	0.0645786485603343	0.228868858970013	0.971312845351015	0.896223970400483	307.57256476959	277.002689142138	
2.28e-12   	0.0639777294777366	0.229489021557676	0.971206280413885	0.896101964531428	306.249183496259	276.743303405902	
2.285e-12  	0.060765312465394	0.237475287682459	0.969491136906943	0.896508777783733	307.287896910316	276.400764234178	
2.29e-12   	0.066887712601064	0.238797932413112	0.968762912883343	0.896119963896723	305.615195959859	277.041604568281	
2.295e-12  	0.0691107371664466	0.234887984629281	0.969562448058455	0.89798979897622	301.504381808443	276.772669616484	
2.3e-12    	0.0682577564111004	0.229469890265045	0.970919382931184	0.901107368819729	290.468012368582	277.568348981467	
2.305e-12  	0.0716141476673219	0.224668737110329	0.971800068130854	0.89876269487627	298.5996665483	278.69403052034	
2.31e-12   	0.0680891728834952	0.217506410781919	0.973681069860562	0.900232462917883	290.991067113123	279.992021598972	
2.315e-12  	0.0811252492913469	0.219356115604121	0.972266212759905	0.901791350622294	288.317271036137	279.417496758886	
2.32e-12   	0.084788482591718	0.217123400782145	0.972454802061561	0.902613885920998	294.043271476022	279.714268779166	
2.325e-12  	0.082761126984829	0.221212217025485	0.971707646825356	0.902689386398631	299.436831302232	277.733763425202	
2.33e-12   	0.0819644599184932	0.22038602654051	0.971962873064581	0.902722801608584	294.302674821878	276.585098744469	
2.335e-12  	0.0770533049265743	0.220616856371715	0.972312187974909	0.901908730978436	290.926941499054	275.451893219219	
2.34e-12   	0.0810525966285718	0.216563238597289	0.972898165415075	0.90059911665078	302.607041823142	275.73040015471	
2.345e-12  	0.0822382479169734	0.215301511307262	0.973078686339576	0.89905544802178	308.13777011091	276.127268879454	
2.35e-12   	0.0850105070247098	0.212485247938723	0.973459415231997	0.89562698836869	315.886795392918	277.276921657504	
2.355e-12  	0.0860854437159689	0.208260822197628	0.974277540702747	0.89676169502966	307.256942205471	278.233165776345	
2.36e-12   	0.0838261838901265	0.207610599518178	0.974613261690052	0.893903116731433	313.801446586368	279.820534389858	
2.365e-12  	0.0883026526321217	0.207619062116962	0.97421607797439	0.893811896161621	317.226841226881	280.540926120328	
2.37e-12   	0.09107766767033	0.21002909046543	0.973443701304804	0.896047088038942	310.544756362584	279.342814504823	
2.375e-12  	0.084127276525863	0.204785896517504	0.975184771175116	0.895155362178822	312.702336382424	278.137788857809	
2.38e-12   	0.0800449380242234	0.205368882545985	0.975405777088957	0.898285840885742	306.211523019135	276.9293251665	
2.385e-12  	0.076640747480774	0.206334121575396	0.975475487185248	0.90018379679484	300.756981056295	275.78779884054	
2.39e-12   	0.0780909103759162	0.201706256022307	0.976328016600018	0.904095248723536	288.767767229599	274.797342816729	
2.395e-12  	0.0839699556562519	0.197129111184075	0.976774876863069	0.9018164888094	296.003026917319	274.78113562691	
2.4e-12    	0.0814463251180701	0.191059692887286	0.978193585073311	0.898839460580134	304.282590689386	274.908621335155	
2.405e-12  	0.0867423713475599	0.195658534994286	0.976828285164231	0.899401548857683	299.629155458137	275.781706331873	
2.41e-12   	0.0818225416304823	0.196696701412793	0.977044256589462	0.89735909180606	308.969806820861	277.964560136175	
2.415e-12  	0.0859329057990986	0.197830452334794	0.976462312549713	0.895057267302068	318.278247166384	279.557884245995	
2.42e-12   	0.079133986626954	0.193467509226253	0.977910085352593	0.897428524557186	303.603624531373	279.660710063555	
2.425e-12  	0.0781594637996785	0.190424501642724	0.978585513582062	0.898650226945022	301.887682154304	279.988050115221	
2.43e-12   	0.0814359293289867	0.188271423867832	0.978734928552723	0.896987564245979	304.395028797055	279.966050306038	
2.435e-12  	0.0845306480075626	0.188177071173869	0.978490653727385	0.89898607413173	295.845725282324	279.379240868528	
2.44e-12   	0.0851220408307645	0.188703296632705	0.978338031564119	0.898865962762593	297.542455672856	277.013125731636	
2.445e-12  	0.0864877461740879	0.188972376803258	0.978166300056925	0.89986302528396	303.304150959316	275.626323412957	
2.45e-12   	0.0849152309091451	0.181086168794673	0.979794469789922	0.900116260594281	297.106766766787	275.088531659771	
2.455e-12  	0.0859596260833408	0.182400916095417	0.979459467508056	0.898794198478807	300.219296426032	275.522988057164	
2.46e-12   	0.0821160152742764	0.184550167865353	0.979386642535186	0.90047931215536	286.795076425305	276.028361320323	
2.465e-12  	0.076192890957552	0.185121524562798	0.979757451878308	0.896594015784619	296.603901562406	277.308690589836	
2.47e-12   	0.0754184198314873	0.185212476031191	0.979800184054135	0.899213255165797	295.118853041621	277.501782634977	
2.475e-12  	0.0681259870359862	0.190955351088303	0.979231792672764	0.89819135034757	297.259595551807	277.288104505417	
2.48e-12   	0.0674876049538409	0.182586701220807	0.980870796646989	0.897102288454785	294.266385908306	276.664295691336	
2.485e-12  	0.0745889911450078	0.179948918842727	0.980843957521941	0.896618688411076	298.938106178265	277.771460294189	
2.49e-12   	0.0717208374676236	0.184494836793645	0.980213128186635	0.898668454792132	294.51553476093	277.531686202994	
2.495e-12  	0.0757993289368541	0.177350226301273	0.981224418246718	0.898656906793207	287.318824916097	277.451722061431	
2.5e-12    	0.0749003228859359	0.172551868208403	0.982148560254187	0.89723763764855	289.31225964239	277.831143374331	
