#----------------------------------------------------------------------------------------------------------------------------------------------------------
# Output file for vampire simulation
#   time       : 2024-05-07 09:50:29     process id : 64717
#   hostname   : UOY22M030
#   path       : /Users/mss555/Dropbox/vampire_github/vampire-mara
#   version    : 6.0.0
#   githash    : 71852b58f5ad0177f16cc65dce29044e3213d846
#----------------------------------------------------------------------------------------------------------------------------------------------------------
5e-16      	0.00494737280176271	-0.0333244133161818	0.999432342372155	0.901838755348863	297.208693789358	42.7405669584807	
1e-15      	0.00561382598461822	-0.0322001203143698	0.999465675853631	0.902365231090008	297.439633610778	42.8765939035477	
1.5e-15    	0.0067332288823262	-0.0339985853970522	0.999399199429246	0.902236532154216	296.776766453701	43.0658753648024	
2e-15      	0.00459669007666372	-0.0341560783446706	0.999405939922538	0.90175508796301	298.357629058111	43.1630921235834	
2.5e-15    	0.0052942104337558	-0.0309799333675817	0.999505985507052	0.90217073144434	296.677286592847	43.2000707071097	
3e-15      	0.00447129504476645	-0.0333557775418108	0.999433539373781	0.902564499733548	295.697512795532	43.3535528302536	
3.5e-15    	0.00437458212118502	-0.0339166141402061	0.999415092099639	0.902933485285542	294.626966310944	43.4009938292042	
4e-15      	0.00383493978720689	-0.0313471867433517	0.999501199158913	0.902109396927071	298.54471992426	43.2465651440978	
4.5e-15    	0.00390184500990833	-0.0305049126983073	0.999527001089409	0.902716539695285	296.767786120144	43.2015363925	
5e-15      	0.00391376596646968	-0.0287261629658689	0.999579656654345	0.902348034310338	297.794179130446	42.9925361305807	
5.5e-15    	0.00275367425091394	-0.0299189261255976	0.99954853565878	0.902401451309435	296.339468113712	42.8475386870396	
6e-15      	0.00158080096283709	-0.0319258087245863	0.999488991337872	0.902067947349021	296.272520780968	42.657446726863	
6.5e-15    	0.00160856873530268	-0.0325350291121828	0.99946930137313	0.90238616493947	294.418161737448	42.3464347854177	
7e-15      	0.000946077970974142	-0.0323327263960115	0.999476712955471	0.902113199855567	295.104682431158	41.9942828684273	
7.5e-15    	0.00274334398217745	-0.028830557404038	0.999580548542021	0.903390769053745	291.98284406409	41.5358914382342	
8e-15      	0.00352216193130593	-0.0306136796951342	0.999525085723642	0.903503199554251	290.303019955166	41.0925829775835	
8.5e-15    	0.00188970331948477	-0.03103340415375	0.999516561567638	0.903386130548629	291.959525645638	40.5387345600279	
9e-15      	0.00220274420767432	-0.0293613015872413	0.999566436955072	0.903616712334095	292.953505435151	39.7925636844058	
9.5e-15    	0.00267039779315661	-0.03056555459533	0.999529197096266	0.902725145017866	295.032114881334	39.0997521053276	
1e-14      	0.00402883484859557	-0.0288554825772009	0.999575474696633	0.902533162635801	296.301799282273	38.3522779819495	
1.05e-14   	0.00271275205857664	-0.027317605914818	0.999623123673793	0.902497523990961	294.402307888865	37.5984119235464	
1.1e-14    	0.00146759521336189	-0.0275829593283486	0.999618440465651	0.902080294678674	294.913549950804	36.8368569126053	
1.15e-14   	0.00129578417685656	-0.0294940368906504	0.99956411636836	0.902618833413792	293.950602187912	36.0737004573013	
1.2e-14    	-0.000213708047143571	-0.0302284520650588	0.999542993079648	0.903218271458765	293.346150405991	35.2716038301531	
1.25e-14   	0.000499563968863346	-0.0303603822434728	0.999538892502874	0.903184317426115	292.084948985188	34.3440884546371	
1.3e-14    	0.000278567823748323	-0.0282779721568388	0.999600059369078	0.902461976552963	292.262175093328	33.4915607731098	
1.35e-14   	0.00252223341605834	-0.0277147479019428	0.999612690539354	0.901889346493046	294.061900677862	32.5177264542283	
1.4e-14    	0.00221209418380769	-0.0273307216969323	0.999623998456843	0.90183755507718	294.74993303564	31.5542411556723	
1.45e-14   	0.00104389449108811	-0.0267034983923907	0.999642852951943	0.902359758545241	292.749214987877	30.6220693254002	
1.5e-14    	0.000289866472950154	-0.0250991837441966	0.999684923839908	0.903529539658764	291.528594260525	29.6281055682089	
1.55e-14   	-0.00125763515777769	-0.0264708621095609	0.999648794233748	0.90331069876229	293.325039977381	28.5312078368642	
1.6e-14    	-0.000215859378761294	-0.0268271075591644	0.999640065075794	0.903209288683198	293.283911122463	27.5081901320358	
1.65e-14   	-0.0024781412339326	-0.0256647643138677	0.999667534077574	0.903229513142234	294.168327781534	26.5183605282298	
1.7e-14    	-0.00231766234824536	-0.0269423290304392	0.999634302806609	0.902926602865198	293.903617657627	25.4415137108441	
1.75e-14   	-0.000879926171773618	-0.0283884890845808	0.999596578334193	0.902887269875712	295.656311029927	24.332067921422	
1.8e-14    	-0.000485614404410892	-0.0271126777089087	0.999632265828841	0.902372593839614	296.444430082077	23.3530317911134	
1.85e-14   	2.44233592229879e-05	-0.0257263755683251	0.9996690217285	0.902430832913346	296.464953517019	22.2513141636842	
1.9e-14    	-0.000342351562847482	-0.0262155138041035	0.999656255735638	0.903554187779723	294.365995823005	21.2306255486892	
1.95e-14   	0.00085570850636421	-0.0281481918315501	0.999603394881973	0.903696850798841	293.299979180096	20.1943471489645	
2e-14      	0.00198363641120426	-0.0277804283451267	0.999612081253298	0.90382170737418	292.652471937173	19.0891358208519	
2.05e-14   	0.00205001453396178	-0.0286615612530561	0.999587070918261	0.903675657745688	294.559244366847	18.0889986175894	
2.1e-14    	0.001163843892313	-0.0294288022290958	0.999566201442784	0.903730133599089	294.616909795833	17.0531654391466	
2.15e-14   	-2.62454829818771e-05	-0.0269200887963317	0.9996375883941	0.903576454399721	294.966486262868	16.055517676549	
2.2e-14    	-2.19093500519841e-05	-0.0275388513281128	0.999620733672281	0.903891118005052	291.107634256772	14.9683088813846	
2.25e-14   	-0.00251273252304876	-0.0289897408370431	0.999576550896162	0.902448441596238	291.961433244433	14.0644853570469	
2.3e-14    	-0.00388832659032064	-0.0314473693696358	0.999497845858638	0.900737278250344	294.834440930283	13.126494323883	
2.35e-14   	-0.00408882999880569	-0.0315654774264305	0.999493322691094	0.90090889692982	292.227089234385	12.2064747477028	
2.4e-14    	-0.00397448156438898	-0.0306556345679204	0.999522103590277	0.900937084393973	291.642892411081	11.3244315532264	
2.45e-14   	-0.00687607153600574	-0.0306223009164778	0.999507375824117	0.901867950149555	290.801131686387	10.6353801322819	
2.5e-14    	-0.00685312173051083	-0.0334315905812411	0.999417512090795	0.902885210256227	286.902922770647	9.85109481581229	
2.55e-14   	-0.00572297948596945	-0.0343209540712094	0.999394476479356	0.902314629538396	290.206103128022	9.09994048951406	
2.6e-14    	-0.00647303984898539	-0.033454521792168	0.999419278744797	0.902452213736469	288.292609675742	8.41360716965097	
2.65e-14   	-0.00458409289359187	-0.03653123345514	0.999321997693731	0.902164819402435	288.546167494835	7.7937354238174	
2.7e-14    	-0.00404428397545319	-0.0379483369303892	0.999271518402953	0.901457166125805	291.292296306186	7.22570699156107	
2.75e-14   	-0.0040526144311547	-0.037683156365166	0.999281519914499	0.901594602987962	289.398487665618	6.7225884431451	
2.8e-14    	-0.00438123631786442	-0.0372174420645121	0.999297586695025	0.901239997108752	291.005984062343	6.29083303372367	
2.85e-14   	-0.00543867592512125	-0.0381165668634759	0.999258499155611	0.900833718488759	291.833438000928	5.93083931761006	
2.9e-14    	-0.00499055883881137	-0.0373801414421608	0.999288656669453	0.900814225401237	291.033867201122	5.58646135694012	
2.95e-14   	-0.00439302354671587	-0.0390051858911579	0.99922935145927	0.900860212768494	290.654270123706	5.37268963423186	
3e-14      	-0.00306473983580599	-0.0391906633637445	0.999227050912278	0.900809787647472	289.5407762498	5.19758621731661	
3.05e-14   	-0.00330006597951927	-0.0417423851587978	0.999122956820523	0.900364472444514	290.346536690542	5.08398150768593	
3.1e-14    	-0.00312342695915167	-0.0391761611847624	0.999227437873308	0.900700098816886	288.453312638409	5.00807531385039	
3.15e-14   	-0.00644881274025255	-0.0405278079069524	0.999157599981353	0.900958234096804	286.242284369004	5.00002085396275	
3.2e-14    	-0.007143408114329	-0.0377966675029772	0.99925991796238	0.900745384415991	289.642522502536	5.04513782429092	
3.25e-14   	-0.00867690370107096	-0.0368333912306566	0.999283749809138	0.900760886563396	286.976717947712	5.18508028072992	
3.3e-14    	-0.0103893436599984	-0.0361979347518702	0.999290633928895	0.90036478252812	286.698441183397	5.39377096560501	
3.35e-14   	-0.0120982102760997	-0.0347068966338489	0.999324304034563	0.900129824726006	287.526536926355	5.6613341292959	
3.4e-14    	-0.01145819093935	-0.0324461527258799	0.999407803168299	0.899274336613896	290.131360473275	6.02860890665928	
3.45e-14   	-0.0111960050842661	-0.0323097316949843	0.999415194355154	0.899524251670071	287.608553579599	6.41060762206686	
3.5e-14    	-0.010461637369744	-0.0316513003437146	0.999444220219466	0.89932505670246	289.908130434279	6.90656074313464	
3.55e-14   	-0.00892289322839712	-0.0339608280394928	0.999383331927898	0.899349744951709	290.64327854149	7.4455003879605	
3.6e-14    	-0.00907502260892951	-0.0328252490086643	0.999419905241119	0.898830057209489	291.787403332659	8.07674029181763	
3.65e-14   	-0.00664722191926078	-0.0328324279471682	0.99943876556588	0.898262807314732	294.51248212896	8.72223046786418	
3.7e-14    	-0.00935925315049438	-0.0321145645896083	0.999440372969636	0.898744782998381	294.42080143587	9.49426377284938	
3.75e-14   	-0.00923674478495932	-0.0334391365151465	0.999398072188905	0.898316822758756	294.182901134703	10.2742746101986	
3.8e-14    	-0.00936069360560301	-0.0351875657860644	0.99933688645485	0.898056725750411	295.13845965093	11.1296347554169	
3.85e-14   	-0.0104564445167514	-0.0332309230124575	0.999393000037427	0.897596930482092	296.798541788796	12.0248407891181	
3.9e-14    	-0.0107265187656228	-0.0346376044023385	0.999342372841479	0.897063600749376	299.095615170734	13.0071728938873	
3.95e-14   	-0.00871072851681356	-0.0355337008827685	0.999330515550426	0.897811166876371	296.015258792528	14.0520543415878	
4e-14      	-0.00771954547764197	-0.0355095290652285	0.99933952286657	0.897774932791217	298.694870633909	15.0842210939014	
4.05e-14   	-0.0069882456756829	-0.0357243487837742	0.999337248043098	0.897890645816917	300.084348715457	16.1566014524538	
4.1e-14    	-0.00916613952866366	-0.0370093576970718	0.999272880312976	0.898777140363621	298.689743693298	17.3026517148174	
4.15e-14   	-0.00944504935413928	-0.0376403682930197	0.999246713138184	0.898614469460938	299.128839543707	18.440725154994	
4.2e-14    	-0.0088483912898765	-0.0377000649749637	0.999249924229402	0.898456656380459	298.156637883308	19.5774183214734	
4.25e-14   	-0.00802386694947535	-0.0369631624180376	0.999284415060715	0.897932295791647	297.812102987819	20.8986855287531	
4.3e-14    	-0.00844557318200424	-0.0358666526800035	0.999320897169252	0.898383006698401	296.83832665127	22.0988812759462	
4.35e-14   	-0.00654438225180813	-0.0369263928151842	0.999296558872591	0.899089443391359	295.423558990497	23.3743209417618	
4.4e-14    	-0.00894503002522475	-0.03611764045895	0.999307511472583	0.898732253117268	297.382261549842	24.7885010296211	
4.45e-14   	-0.00888215115900226	-0.0344439474446414	0.999367160694817	0.89903730784956	296.030187475042	26.1160410850673	
4.5e-14    	-0.00784984086085691	-0.0333688638908503	0.999412276751238	0.898345586762801	297.760030490562	27.44659902557	
4.55e-14   	-0.00851979051788842	-0.0322080365703117	0.9994448736923	0.897729792054761	300.11128179356	28.8309046448816	
4.6e-14    	-0.00760874185533835	-0.030665132266921	0.999500753731797	0.898153418921727	298.031966866648	30.2095162576157	
4.65e-14   	-0.00674434573554631	-0.0311021579347413	0.999493456493039	0.898726538463204	297.126617989773	31.6478212901322	
4.7e-14    	-0.00559638089341576	-0.0305400843326402	0.999517875662987	0.898297774953499	298.984833350729	33.0249585164481	
4.75e-14   	-0.00816320702924038	-0.0304960111336529	0.999501553453487	0.898044413502269	299.359069568979	34.4705195991214	
4.8e-14    	-0.00718345596652713	-0.0295307917757781	0.99953805845374	0.897514825501821	302.86567170713	35.8238693130815	
4.85e-14   	-0.00495329782519382	-0.0258007806073327	0.999654832710125	0.899067238674903	298.637023970014	37.2283844883234	
4.9e-14    	-0.00430058085382586	-0.0265783681110259	0.999637481966775	0.898912166468155	297.504967542155	38.6277642314803	
4.95e-14   	-0.00227832716344652	-0.0268951619318625	0.999635663374409	0.898295020627651	299.531968739586	40.0682785234589	
5e-14      	-0.00251013304802577	-0.0261340227889112	0.999655296632269	0.898215261306049	300.687877011744	41.4715662602038	
5.05e-14   	-0.0028136062226447	-0.0250414047465658	0.99968245541689	0.898239685933105	300.401084959903	43.0074505085842	
5.1e-14    	-0.00161597524020668	-0.0239861795273853	0.999710984142769	0.897875833005237	300.170171752753	44.5156621872527	
5.15e-14   	0.00030096998832447	-0.0240340588499448	0.999711094983077	0.897741575171753	300.070737313742	45.8009096673483	
5.2e-14    	0.000241179432005261	-0.0239703681271403	0.999712640354383	0.898060288005064	298.718798363286	47.1688950570126	
5.25e-14   	0.00151016395848376	-0.0225992744534545	0.999743463193931	0.89802705827845	298.708480595118	48.4335183516623	
5.3e-14    	0.00179701345355682	-0.0202716289385764	0.999792894455059	0.898358897403503	298.856026349912	49.9073442054413	
5.35e-14   	0.00195557666355032	-0.0185687724161323	0.999825673010486	0.897874458379566	299.854360427323	51.0747796256759	
5.4e-14    	0.00145886429684844	-0.0190244202876379	0.999817955003651	0.896820835876831	302.321592715771	52.2551768670014	
5.45e-14   	0.00175976757795024	-0.0210710609763809	0.999776431812333	0.898082444869	299.626484966158	53.5324005049379	
5.5e-14    	0.000341791905533096	-0.0192037947745273	0.999815531708	0.897915578662717	299.521556930181	54.7181022130436	
5.55e-14   	0.00129833476794753	-0.0204712541891633	0.999789598905066	0.898233136439525	296.895641661436	55.80051561992	
5.6e-14    	0.000161316257400337	-0.0192602115515981	0.9998144919074	0.898597526597097	297.366684887905	56.8171947400812	
5.65e-14   	-0.000702509164070293	-0.0185464056679586	0.999827753824464	0.899671756515121	294.239478404234	57.7666813791659	
5.7e-14    	0.000191649803287242	-0.0205122358366819	0.999789583588133	0.899711244759579	293.868662962606	58.7982783818189	
5.75e-14   	0.0020054040393867	-0.0228708884638482	0.999736415669407	0.899491710822206	295.69112810579	59.6571712764177	
5.8e-14    	0.0046606150059887	-0.021831188111723	0.999750807898346	0.900146728432987	291.491486253935	60.3860023882925	
5.85e-14   	0.00207340466205983	-0.0210117949801723	0.999777077885275	0.899998673770166	291.847078866016	61.1835482212928	
5.9e-14    	0.00354827302110582	-0.0210933589735871	0.999771213811329	0.900403039475254	290.195760762017	61.8690107019486	
5.95e-14   	0.00355863098985769	-0.0224369788373976	0.999741925761908	0.89955540063828	292.664405359685	62.2741538344856	
6e-14      	0.00462076475113057	-0.0226508640982029	0.999732757735146	0.899136157534731	294.256854868521	62.7686844730466	
6.05e-14   	0.00334730620327598	-0.0220398071007067	0.999751490343548	0.898958150672816	293.367026708231	63.1366994925323	
6.1e-14    	0.00411260473086851	-0.0235797713158426	0.999713499392211	0.898743558343995	293.054029038288	63.595280654589	
6.15e-14   	0.00358400357887853	-0.0236411881400948	0.999714083696769	0.898533851786243	291.171023014416	63.9775287206192	
6.2e-14    	0.00541792438431793	-0.0232414559087128	0.999715199855744	0.89817416460204	293.931958376312	64.2039255636315	
6.25e-14   	0.00829600722943528	-0.0232054359674514	0.99969629588471	0.897458076943569	294.939319474255	64.4524937207077	
6.3e-14    	0.00855301129310761	-0.0225465754477057	0.999709206686325	0.896529276739214	299.631467151777	64.4150750454623	
6.35e-14   	0.00758547568470898	-0.0204111157225664	0.99976289534749	0.896809316212793	298.292836290171	64.3246644639001	
6.4e-14    	0.00685755082599818	-0.0209450568261241	0.999757109797785	0.897484223617921	297.368615920301	64.0540229700093	
6.45e-14   	0.00656500367602423	-0.0215872016099514	0.999745414319758	0.897547484057558	297.399879903608	63.7947848386276	
6.5e-14    	0.00733163738400442	-0.0218368192062803	0.999734665008782	0.896574918783262	302.488661836445	63.5610978330387	
6.55e-14   	0.00833669465570318	-0.0234984766899444	0.999689112232133	0.896610437116773	301.766219157624	63.3389491789893	
6.6e-14    	0.00850352341920719	-0.0225342736362266	0.999709906223374	0.897230030701542	299.886004656362	63.1095544316663	
6.65e-14   	0.00787653371854512	-0.0226231278635949	0.999713035976949	0.897046248041965	300.341737469887	62.6957944598542	
6.7e-14    	0.00800248100466309	-0.0209293360494055	0.999748930077098	0.898307162283083	295.638578406022	62.329028505072	
6.75e-14   	0.00985974626570175	-0.0225285614344041	0.999697578932385	0.897643866215954	298.844109694281	61.7803492354817	
6.8e-14    	0.0107460040209059	-0.0217138906520704	0.999706472095851	0.898952814855139	295.014702019872	61.0605691968468	
6.85e-14   	0.0095544312351518	-0.021902555534068	0.999714454684361	0.899081998863362	294.282909196957	60.4053501393723	
6.9e-14    	0.0113579733736652	-0.0224504945019709	0.999683435762272	0.899580436197521	291.147737426787	59.7134957273013	
6.95e-14   	0.0106788030462545	-0.0230699728470053	0.999676817535716	0.899282847814571	290.19986865213	58.7925100009947	
7e-14      	0.0106650265398458	-0.022491184928129	0.999690153902414	0.900156869345264	288.668267979379	57.8191763887945	
7.05e-14   	0.0109599274521527	-0.0220234656894978	0.999697377684501	0.899197763060929	291.843267668336	57.0159107796686	
7.1e-14    	0.0128288434716002	-0.0224446788620654	0.999665772729046	0.899078953466504	290.904560659256	56.0498666577295	
7.15e-14   	0.0129683128128414	-0.0199859636100384	0.999716151775776	0.899448536975069	290.675462862102	55.0664832236096	
7.2e-14    	0.0142990715072859	-0.0192092477133	0.999713229559517	0.899565939093466	290.009044831819	54.0024063189285	
7.25e-14   	0.0155872765047416	-0.0194391298651454	0.999689530324916	0.899810377532265	289.938992912257	52.8059523888923	
7.3e-14    	0.0172888677929062	-0.0208760888732884	0.999632574481141	0.899886863409054	288.210940752117	51.7108928399218	
7.35e-14   	0.0179020285699351	-0.0201807466409265	0.99963606119332	0.900018360038686	286.011447264546	50.6300432972918	
7.4e-14    	0.0181186566011772	-0.0196312634935992	0.999643100199573	0.900869642114838	283.197511161677	49.4780685691312	
7.45e-14   	0.0182919909134575	-0.0175954463092303	0.999677849778418	0.899966978451914	285.358372013645	48.1685104454846	
7.5e-14    	0.019360920278579	-0.0180757519586248	0.999649149430487	0.899969831056226	286.038232656159	46.9027383395483	
7.55e-14   	0.0201663489538534	-0.0180582722786435	0.999633541440153	0.898956478090323	290.2488379911	45.5226909725716	
7.6e-14    	0.0215339079680792	-0.0175683071070147	0.999613748101243	0.899474973887976	290.670221057245	44.2603610407857	
7.65e-14   	0.0227762330877919	-0.0179761255015823	0.99957896242282	0.89898904415258	294.458848299541	42.8354476043372	
7.7e-14    	0.0235173482891385	-0.0157993365829642	0.999598577076311	0.900000172429648	291.556769471033	41.6010797082137	
7.75e-14   	0.0228285031526495	-0.0173281042655932	0.999589213750514	0.899951603563973	291.535897303306	40.1704193245081	
7.8e-14    	0.0229503816005153	-0.0158209677705678	0.999611412981661	0.900063561723501	291.202687294212	38.8072786985232	
7.85e-14   	0.0238479676270153	-0.0153927503257695	0.999597087669562	0.899363790022143	294.916979110118	37.4855323956127	
7.9e-14    	0.0243192981249425	-0.0144139564692419	0.999600324928725	0.899237333297529	296.990614980432	36.1849587487465	
7.95e-14   	0.0243791930202626	-0.0126595271182281	0.999622624454261	0.899787744557252	295.595181310591	34.8463986011414	
8e-14      	0.0242359918887935	-0.0159018851419903	0.99957978508276	0.899448806720082	297.058634182672	33.4810599175491	
8.05e-14   	0.0224388251217159	-0.0168286919660102	0.999606569733248	0.898085317753594	299.187784160445	32.1738957008385	
8.1e-14    	0.0232093219865937	-0.0181301013384497	0.999566219316349	0.89831939738806	299.227418491385	30.7464226140899	
8.15e-14   	0.0222355889574377	-0.0191273238130041	0.999569769484586	0.898590007677256	297.450550003304	29.3849749777643	
8.2e-14    	0.0206810235730268	-0.0160054646038691	0.999658001701975	0.898623575974508	294.675030254975	28.1346569516116	
8.25e-14   	0.0194947927261261	-0.0179226553521656	0.999649304247091	0.897813145458076	297.875976853578	26.8269878176157	
8.3e-14    	0.0198860118999118	-0.0151466555581541	0.999687513854264	0.898029880298249	297.710657435671	25.6702097815272	
8.35e-14   	0.0175096700654682	-0.0144207043960614	0.99974269426634	0.897648128719134	300.918515065322	24.4750138303374	
8.4e-14    	0.0170991430977585	-0.0118739189762323	0.999783291195381	0.897222055555961	301.814478769964	23.2734829679342	
8.45e-14   	0.0169184416104262	-0.00869779423983868	0.999819040981335	0.896641603577992	304.507699853484	22.1932338122347	
8.5e-14    	0.0141855436288778	-0.00850549238965098	0.999863204119025	0.895707953381252	306.718617974192	21.2285266746216	
8.55e-14   	0.0146975772375497	-0.0102310384355301	0.999839640680383	0.895768197464111	305.75659667752	20.3297455905154	
8.6e-14    	0.0113090045290316	-0.0114147410334639	0.999870896718022	0.895766927574945	306.445606492471	19.4189218900795	
8.65e-14   	0.013583299311556	-0.0126255453299628	0.999828030005627	0.895301210959871	304.417955968881	18.5501714841723	
8.7e-14    	0.0117157582143901	-0.0144000065840378	0.999827675562065	0.895286981669143	304.933061126074	17.8370423571097	
8.75e-14   	0.0130285795372453	-0.0147857522868968	0.999805799965449	0.89542055235114	305.171771989359	17.1639042187604	
8.8e-14    	0.0147192669106692	-0.0165635134476742	0.999754466458581	0.896295214737172	300.748728463727	16.5121767515627	
8.85e-14   	0.0146441423336739	-0.0156073181859553	0.999770954126171	0.896148892868762	301.362612994529	15.8996825216528	
8.9e-14    	0.015580104002708	-0.0171734928499032	0.999731129605655	0.895287880749775	304.167281119573	15.3951803476376	
8.95e-14   	0.0160043748423801	-0.0188370362420308	0.999694466350355	0.896366001495876	300.397685557872	14.9799788763708	
9e-14      	0.0166847989105295	-0.0199771850266081	0.999661207391648	0.896319431776155	302.216670128024	14.6288495667075	
9.05e-14   	0.0178050096862473	-0.0198985461868883	0.99964345118133	0.895775927904435	304.334595256832	14.3631609905046	
9.1e-14    	0.0179365724581365	-0.0221174504076985	0.999594466649309	0.896629696575502	303.55812184729	14.150357207821	
9.15e-14   	0.0202853658870821	-0.0232035134105688	0.999524937605977	0.897194889430277	300.555978207044	14.0457263431338	
9.2e-14    	0.0194737180841789	-0.0215772704939214	0.999577508601514	0.897612187613747	299.483936252695	14.0430852351072	
9.25e-14   	0.0204176823727391	-0.0217561849564401	0.999554794227243	0.896842748706711	298.51733130586	14.0758380634199	
9.3e-14    	0.0225634297170126	-0.0208953676319957	0.999527025773155	0.897383949914782	298.27642670351	14.2756763847424	
9.35e-14   	0.0239912333848155	-0.0184998342093063	0.999540983079185	0.898183436134139	297.550655331012	14.5559699803678	
9.4e-14    	0.0230586692129222	-0.0205873585583818	0.999522115033838	0.89809914966971	299.216567262183	14.8920922055165	
9.45e-14   	0.025330448448136	-0.0203884384016896	0.999471200165846	0.898794727537084	295.920329318079	15.3104256061526	
9.5e-14    	0.0286259826256401	-0.0223805966379724	0.999339612950895	0.899338196851049	294.027362286534	15.7698454753206	
9.55e-14   	0.029174218472439	-0.0216546864843257	0.999339751801052	0.899502998456212	292.282706031547	16.2481944584019	
9.6e-14    	0.0298476693300864	-0.0205834607252123	0.999342502738743	0.899505124995681	294.557558415769	16.8521362210527	
9.65e-14   	0.02749429977936	-0.0191734002437829	0.999438064215454	0.898570906138292	296.542563731482	17.5833404963773	
9.7e-14    	0.0288442813225964	-0.020039826048731	0.999383016068874	0.898126710645692	298.870978792541	18.4333521661984	
9.75e-14   	0.0308476692422893	-0.0197044041804477	0.999329854331497	0.898348604135946	300.064266666543	19.3894055494404	
9.8e-14    	0.0306925619481522	-0.0209983682619127	0.999308278346275	0.897991563552412	303.614600302494	20.3352943632699	
9.85e-14   	0.032978892359211	-0.0226424715272327	0.999199535199	0.897813408142077	304.614426594285	21.3342654991904	
9.9e-14    	0.0318613545026922	-0.0239585091545467	0.999205106035966	0.897542820037618	305.59878527658	22.3938626574687	
9.95e-14   	0.0321401997843148	-0.0266432601682629	0.999128192098207	0.89785581674598	303.918583742442	23.5483091548552	
1e-13      	0.0325025115298499	-0.028970904109408	0.999051687080971	0.897525064334241	304.416586054904	24.8953272256995	
1.005e-13  	0.0318035488701668	-0.0303517190853859	0.999033186349595	0.898695154256403	300.209100564687	26.2170754846234	
1.01e-13   	0.0326763511221295	-0.0328314141906431	0.998926601067158	0.898462802375997	301.683342538028	27.5816841792128	
1.015e-13  	0.0324024192817355	-0.0339056409911081	0.998899639970739	0.898341314556098	301.938255930833	28.9110139141396	
1.02e-13   	0.0347483435779855	-0.0321957491487907	0.998877363020774	0.897991900259274	304.453251228797	30.4044605522518	
1.025e-13  	0.0354165650739888	-0.0324443355990977	0.998845849971803	0.89814084633379	303.146490154548	32.0152323479218	
1.03e-13   	0.0351027595237412	-0.0316470870643859	0.998882504679183	0.897647472496345	302.536556857725	33.7024542659785	
1.035e-13  	0.0361021487569853	-0.03441717600955	0.998755271751121	0.898387035981994	298.740717752789	35.3585175675892	
1.04e-13   	0.0366801405397017	-0.0350385870596293	0.998712603658757	0.898931967515489	296.794249911781	36.9289841748064	
1.045e-13  	0.037893760913934	-0.0347905063837241	0.998675965240659	0.899163951927472	295.687175085484	38.5835747283126	
1.05e-13   	0.0432009774686328	-0.0369044461784372	0.998384563882083	0.899409882805223	297.41082934227	40.2814314095189	
1.055e-13  	0.0393366575926099	-0.0375224614138912	0.998521252782776	0.898940036688415	298.687214526021	42.0326589073483	
1.06e-13   	0.039511205256491	-0.0404893927270341	0.998398454393723	0.898401882806745	300.073502743513	43.9296102252769	
1.065e-13  	0.0394763583210699	-0.040602842193714	0.998395225519182	0.899106272185115	294.731515062603	45.6978741848924	
1.07e-13   	0.0371154697354975	-0.0378939356339387	0.99859225490111	0.899566762609439	294.258778353916	47.640276741506	
1.075e-13  	0.0369699974986899	-0.0395157092853967	0.998534790582992	0.898722182481082	297.544805873554	49.3864052117331	
1.08e-13   	0.037480640278769	-0.0393682708822543	0.998521577559561	0.897901463788575	300.223913651888	51.1582734177993	
1.085e-13  	0.0359974050855723	-0.0413471999227491	0.998496167186261	0.899041312717856	297.734889464054	53.1296329369082	
1.09e-13   	0.0347689191204984	-0.0429267926469468	0.998473040565562	0.899550358140894	297.939818738517	54.9874334078042	
1.095e-13  	0.0368253783614449	-0.0427558933036816	0.998406643155153	0.899842985564265	299.504883533269	56.7485031743561	
1.1e-13    	0.0374729838408765	-0.0421686215283534	0.998407523429416	0.900008635133376	299.060633709474	58.6224561217524	
1.105e-13  	0.0349283031255185	-0.0416180152971408	0.998522886289292	0.899914281926571	299.537217681919	60.4033014678153	
1.11e-13   	0.0355984386764456	-0.0423745509370145	0.998467399866759	0.90031237692198	298.830810090026	62.050622864833	
1.115e-13  	0.0350447975098868	-0.0428066977195394	0.998468551732021	0.900727345844648	297.97973712025	63.7359574444108	
1.12e-13   	0.0365786195541327	-0.0434239335627624	0.998386882218237	0.899919675561514	302.482236754526	65.4126591204973	
1.125e-13  	0.0347937175094273	-0.0419246124381413	0.998514759076593	0.89906032576606	303.647689474116	67.1509565107809	
1.13e-13   	0.0375815578790443	-0.0416696417322864	0.998424392463088	0.899377057932546	302.756967244607	68.7750619531505	
1.135e-13  	0.0364246084314865	-0.0431059090599387	0.998406294303441	0.899329575812784	304.754733585033	70.3163965536813	
1.14e-13   	0.0390278929559914	-0.0434905987850899	0.998291235756745	0.899198571280718	305.36654000141	72.034728097079	
1.145e-13  	0.0389467004427867	-0.0449384622234976	0.998230278611908	0.899143430135388	304.966569147806	73.4001272121329	
1.15e-13   	0.0384716075955044	-0.0444418408263962	0.998270934262327	0.898922319534904	306.177314332789	74.6897169082339	
1.155e-13  	0.0385752238100021	-0.0453096315992798	0.998227924570509	0.898696151634356	306.879277368001	75.9428013880903	
1.16e-13   	0.0398619670820534	-0.0436441939652667	0.998251575462554	0.897716691307086	311.21179276215	77.1613757433096	
1.165e-13  	0.0392632633442402	-0.0425528192414125	0.998322419725295	0.896914341494242	311.662209178752	78.4371899107183	
1.17e-13   	0.0402741129948456	-0.0420720709501188	0.998302527627997	0.897673600369348	309.131269480668	79.4010373848893	
1.175e-13  	0.038537331839336	-0.0424507905287973	0.998355049287669	0.897832931001275	309.16642311096	80.4832670736219	
1.18e-13   	0.0375391630041834	-0.0410495960347177	0.998451672293823	0.897710970663567	309.563804502605	81.5323785312387	
1.185e-13  	0.0374400234704375	-0.0410717648413981	0.998454483076392	0.898209597904741	309.892373268727	82.5757799192873	
1.19e-13   	0.0376573982214954	-0.0419220088903504	0.998410970257131	0.898798507906999	309.201340817959	83.4644368710041	
1.195e-13  	0.0392960357494188	-0.046274140536314	0.998155561769811	0.899531736069753	305.278445657076	84.221403981028	
1.2e-13    	0.0405801034107493	-0.0449786193014249	0.998163402962115	0.899836236552938	302.088792358393	84.9560778128594	
1.205e-13  	0.039230234581634	-0.0437762338916685	0.99827081998871	0.900124711122587	302.545851114163	85.3877267758218	
1.21e-13   	0.0373505373632983	-0.0433730600874903	0.998360513550751	0.900343056552724	300.202405781743	85.9932443643569	
1.215e-13  	0.0374895583042561	-0.0416029491510737	0.998430632362652	0.900442296116134	299.375344676082	86.4017197406357	
1.22e-13   	0.0383654664248708	-0.0412952769141316	0.998410131704695	0.900247483510419	300.620337291364	86.7181122607529	
1.225e-13  	0.0375572299373184	-0.0434107490816431	0.998351121271272	0.900530295122595	302.717136041594	87.1064391843416	
1.23e-13   	0.0361703260090295	-0.0445060622108993	0.998354104485418	0.901714565392164	298.050432340785	87.1781376517089	
1.235e-13  	0.0356719858206472	-0.0450398681676714	0.998348095457216	0.902387012171625	296.496633820206	87.3463421675864	
1.24e-13   	0.0341789339930401	-0.0432999720350724	0.998477297134422	0.902432445429356	297.404653132607	87.3068009432931	
1.245e-13  	0.0336996636471333	-0.0446932359811581	0.998432194657005	0.902451957260558	298.40572670218	87.1825208473688	
1.25e-13   	0.0308755855170171	-0.0445645421974139	0.998529268373099	0.90289092519869	296.59507704091	86.9508669195111	
1.255e-13  	0.0273667243942362	-0.0428697338909577	0.998705786661942	0.901799773982493	299.974829741463	86.5951460850788	
1.26e-13   	0.0296104586973356	-0.0413040968994327	0.998707761216992	0.902252469052152	298.338719192647	86.0782957804396	
1.265e-13  	0.0296658774230836	-0.0433509513552037	0.998619362286411	0.901748831143205	297.406700930506	85.6725578686643	
1.27e-13   	0.0296059938748466	-0.0453066058354073	0.998534324194395	0.901718652665367	299.953585179804	85.0641044160145	
1.275e-13  	0.0279078393179337	-0.046037329389615	0.998549806873586	0.901700462469944	298.337465221046	84.4305711625711	
1.28e-13   	0.0281735312881548	-0.046838384413161	0.998505091564545	0.901923709590113	295.007140387717	83.6382276833889	
1.285e-13  	0.0276213935958451	-0.0480454136351864	0.99846316749515	0.901303222655762	298.153194489325	82.6103521298295	
1.29e-13   	0.0272854369055029	-0.0461102837036191	0.998563641772345	0.901361518815707	296.45708292305	81.6466158048734	
1.295e-13  	0.0265016238383726	-0.045025224220143	0.998634263941437	0.900780619448971	295.947777820571	80.5577175629267	
1.3e-13    	0.0254593404555556	-0.0456870504256314	0.99863132106247	0.900512971326636	296.383681640476	79.5329494397454	
1.305e-13  	0.0228279555209641	-0.0462197236634674	0.998670426913306	0.900816734939479	293.952417388859	78.3452923222837	
1.31e-13   	0.0215022741657038	-0.0465670670659286	0.998683713930782	0.901477309140424	292.589086894661	77.0636620567398	
1.315e-13  	0.0211858395741435	-0.0503617919921621	0.998506309498782	0.902027711628383	290.414469550868	75.8416463165211	
1.32e-13   	0.020284020460866	-0.0485983883689529	0.998612414884716	0.902264495991513	291.732565390361	74.3356244461669	
1.325e-13  	0.0200168675790684	-0.049829556858483	0.998557129199731	0.901992968234319	293.419848435219	72.7768727305819	
1.33e-13   	0.0184828911330433	-0.0499680124998266	0.998579781721111	0.902215432648858	290.266600180873	71.060715716278	
1.335e-13  	0.0191915256896626	-0.0514073485143823	0.998493349933	0.902993554165032	289.173943999108	69.3971915905685	
1.34e-13   	0.0192565764733345	-0.047649877290248	0.998678463499014	0.902717412928087	289.984002935654	67.6956605675959	
1.345e-13  	0.0191911321079827	-0.0481498054633212	0.998655744830148	0.903216618851898	287.443609716874	66.1084725788402	
1.35e-13   	0.0188381035252807	-0.0495067193426403	0.998596119858023	0.903146185405192	285.96609759517	64.3873452386432	
1.355e-13  	0.0192326743082395	-0.0512609464002995	0.998500084933947	0.902039396810178	289.376947750304	62.5845809977375	
1.36e-13   	0.0150438412114674	-0.0504363760793638	0.998613966860861	0.901032976208552	291.779397690809	60.8731080974397	
1.365e-13  	0.0149993190433842	-0.0501038159255117	0.998631377465147	0.901558289492905	291.293860911483	59.1460024455673	
1.37e-13   	0.0152892071380132	-0.0503177711454719	0.998616223607469	0.901068834229222	291.142070459913	57.328425671532	
1.375e-13  	0.0138970114936716	-0.0518637771749662	0.998557470398519	0.900712735050537	292.842734457382	55.5654517138021	
1.38e-13   	0.0139801953373577	-0.053037971101321	0.998494630811696	0.900701887582409	292.048279522076	53.7626988469478	
1.385e-13  	0.0164241169138717	-0.0555362426799475	0.998321578516959	0.900061284781158	292.575731041798	52.089675618732	
1.39e-13   	0.0171282016959428	-0.056978276227203	0.998228481233049	0.900737849742646	288.223676516365	50.3981519697333	
1.395e-13  	0.0190715205381862	-0.0567574735880923	0.998205823613677	0.900872054984212	286.841457957593	48.4895406969181	
1.4e-13    	0.020064224752053	-0.0565188783944748	0.998199901457684	0.899922248329354	290.653945118461	46.7288327733924	
1.405e-13  	0.018175553789058	-0.0552676881953133	0.998306131347497	0.900213191725156	293.904354535481	44.9367326942253	
1.41e-13   	0.0154515843293495	-0.0537631405601012	0.998434160703062	0.900695700033484	293.891567254772	43.3401386971445	
1.415e-13  	0.0138480861291843	-0.0531519514021214	0.998490410856662	0.900738564184255	295.097145494573	41.5981130515797	
1.42e-13   	0.0144059807478272	-0.051292616688244	0.99857975905381	0.900435234873181	297.576763614003	40.0015475099999	
1.425e-13  	0.0135009554413624	-0.0511196376388728	0.9986012752094	0.899693934059452	298.950305707931	38.3699671513106	
1.43e-13   	0.014278114032433	-0.0496929615908566	0.998662478031495	0.900021354182955	296.590561033285	36.857869838681	
1.435e-13  	0.0153349923465682	-0.0508047743917317	0.998590863621702	0.899698332747332	295.979459784311	35.2932849183622	
1.44e-13   	0.0134576221598551	-0.0503853718904428	0.998639177433604	0.900087897151994	293.320156930312	33.8306172829903	
1.445e-13  	0.0131623942557495	-0.0501484416665877	0.998655038126714	0.900178591266345	294.422399640581	32.4488747598515	
1.45e-13   	0.0135893905408967	-0.0522181873303643	0.998543233604163	0.89943711135711	297.139684880323	31.1007372835123	
1.455e-13  	0.0120784597756497	-0.0527039153273021	0.998537134070947	0.900589704499402	294.556664317126	29.9171070800057	
1.46e-13   	0.0123246825315006	-0.0526367262477455	0.998537669419846	0.901849450269451	291.990637786237	28.8035928027427	
1.465e-13  	0.0123841832910377	-0.0542606641918535	0.998450004920463	0.901093350717312	294.549109049509	27.6566514694224	
1.47e-13   	0.0125780819724087	-0.0532365332120096	0.99850271075519	0.901443274562817	293.487792531123	26.6968961861221	
1.475e-13  	0.0164076914370497	-0.0540735557242364	0.998402142542295	0.901586290546387	292.277507906129	25.7353463565499	
1.48e-13   	0.0159420515567816	-0.0539441833036138	0.998416684596099	0.901124350712517	294.946525080479	24.9747678813461	
1.485e-13  	0.0155664251161087	-0.0540914376723769	0.998414644714129	0.901410137617658	293.692046511687	24.1871667221817	
1.49e-13   	0.0159343324115168	-0.0529530977732315	0.998469862583152	0.901529252384638	293.765670085516	23.6024486996029	
1.495e-13  	0.0143628758971125	-0.0519135155832262	0.998548293622173	0.900377677633949	294.876484433311	22.946767670644	
1.5e-13    	0.014968288081585	-0.0539867661586339	0.998429456412239	0.900533674218289	294.847467710727	22.5625215171946	
1.505e-13  	0.0155514551955541	-0.0527917802584871	0.998484441630635	0.899867569430086	296.7647060919	22.1597288950898	
1.51e-13   	0.0145198162435494	-0.0540767347477422	0.998431210297072	0.900317668083828	294.459604289436	21.8654838886363	
1.515e-13  	0.0156001386120624	-0.0552427929818669	0.998351075273046	0.899979173898364	294.03679907184	21.8296857668517	
1.52e-13   	0.0173504295627749	-0.0574585087502472	0.998197115987712	0.900134289906253	295.753555907463	21.7983045276169	
1.525e-13  	0.0171068172284041	-0.0587611378746142	0.998125485838326	0.900003671775769	295.392384610488	21.9485214915619	
1.53e-13   	0.0160558631199842	-0.0563849282808853	0.998279995353123	0.900209169049954	295.942881238039	22.1419912548584	
1.535e-13  	0.0184014587332093	-0.0578768743954714	0.998154123232831	0.900628648971519	294.612399069196	22.4257832736497	
1.54e-13   	0.0180242047178431	-0.0555100150609683	0.998295430357277	0.899660757455661	296.703826041857	22.88780331458	
1.545e-13  	0.0160944845639787	-0.0584381983480338	0.99816128182797	0.899067156062853	298.348935487881	23.4528933731866	
1.55e-13   	0.0131118668986349	-0.0579851002816506	0.998231339465837	0.898809671640431	296.228363338657	24.0488624525829	
1.555e-13  	0.013597386364477	-0.0575792503229532	0.998248336345371	0.89837330565252	297.655717454316	24.8411312904086	
1.56e-13   	0.0135727239663386	-0.0568326669380515	0.998291455003418	0.898116126075988	298.522123697041	25.6165702459506	
1.565e-13  	0.0134393274097384	-0.0584950787342749	0.998197230131723	0.898163292975421	298.152513509068	26.4874966860291	
1.57e-13   	0.0124438870064957	-0.059106915798408	0.998174094124351	0.898724751221027	296.79551898349	27.460995414477	
1.575e-13  	0.0124439339962072	-0.0592835030194427	0.998163621244755	0.898833579540622	296.474915819559	28.5760274718015	
1.58e-13   	0.0103781103425177	-0.0591327530237269	0.998196179288196	0.899507590623405	294.568878792916	29.806946567217	
1.585e-13  	0.0104836538230483	-0.0592600331177721	0.998187528211708	0.899475183136585	294.823094900858	31.1029214625816	
1.59e-13   	0.0116899199010324	-0.0603135459231728	0.998111026865689	0.89857577473683	297.485318697668	32.4603656613369	
1.595e-13  	0.0133830199717747	-0.0630098557489575	0.997923169815658	0.898021723750707	300.317954438722	33.9290544990112	
1.6e-13    	0.0127035261200874	-0.0637808618700391	0.997883070346036	0.898248513900083	298.00431787347	35.4493581614225	
1.605e-13  	0.0142925037273993	-0.0649857356652698	0.99778383355176	0.898090591138966	297.179473303401	37.1373659139136	
1.61e-13   	0.0151369454440838	-0.0622962440958934	0.997942909616661	0.898694554304835	296.826954670195	38.7603075947078	
1.615e-13  	0.0181058058424404	-0.0634876932742506	0.997818366536471	0.898245401402127	297.240775837773	40.5997285575519	
1.62e-13   	0.0171346229256134	-0.0644929842491623	0.997771045721329	0.898224203370877	298.999540759549	42.5173648506571	
1.625e-13  	0.0203103745597419	-0.0647129426628668	0.997697210448719	0.898116288910001	299.371471958715	44.4020633406965	
1.63e-13   	0.0221667628940596	-0.0634765168912229	0.997737122906709	0.897680909685454	297.980127062316	46.4264106591236	
1.635e-13  	0.0248383160698252	-0.0661445409899903	0.997500856015692	0.89750238061711	298.205666255954	48.2931846617438	
1.64e-13   	0.0255830680082039	-0.0668046333297887	0.997438041984042	0.898318586481176	296.801886923538	50.4826066835285	
1.645e-13  	0.0243602407049818	-0.0684773246189776	0.997355219912055	0.899590865295046	294.814195099047	52.4263482887659	
1.65e-13   	0.0228731190789402	-0.069000339441878	0.997354387156594	0.898350996273701	298.057180845072	54.5654763618916	
1.655e-13  	0.0224677903938026	-0.0681916260743792	0.997419220051505	0.898118682291458	301.31801336213	56.720704421432	
1.66e-13   	0.0229326693977489	-0.0686746784257656	0.997375496599656	0.898514010342524	302.479979776575	59.2428920549191	
1.665e-13  	0.0230112757388851	-0.0695944928316279	0.997309925628126	0.898537978479356	300.004699256444	61.3988889228257	
1.67e-13   	0.0214570995427796	-0.0696208814391187	0.997342732337711	0.898240597265858	302.004845712421	63.5450771839719	
1.675e-13  	0.0205442393105294	-0.0689478701449676	0.997408705312734	0.897740446782998	301.292408751807	65.6085351808081	
1.68e-13   	0.0201138315856142	-0.066694056304814	0.997570717609812	0.897421629105204	302.415836303195	67.7543452244701	
1.685e-13  	0.019041946447162	-0.0670454103295683	0.997568201793363	0.897125068899426	304.294607518381	69.9692715304364	
1.69e-13   	0.0187434098744636	-0.066769956810644	0.997592330290176	0.895862628325617	307.04961899417	72.1862118207634	
1.695e-13  	0.0195512790818781	-0.064357635012967	0.997735356846594	0.896808452407276	303.333753366223	74.2259213314515	
1.7e-13    	0.0188863764038479	-0.0639713118204259	0.99777300827909	0.89641205066671	304.910925059821	76.2989409577042	
1.705e-13  	0.0184379381004192	-0.0620248405358354	0.997904284786426	0.895860574551172	307.884924438214	78.4237020667713	
1.71e-13   	0.0182978474292376	-0.0606625501193729	0.997990603058201	0.896110292273457	308.385538166196	80.3679743156161	
1.715e-13  	0.0186844381654861	-0.0628371082950156	0.997848881139604	0.896417583958602	306.919504014871	82.3443380327075	
1.72e-13   	0.0200609252379718	-0.0637881576339375	0.997761810365713	0.897077608295185	307.701088771956	84.3816219701648	
1.725e-13  	0.0208157104748287	-0.0619608830828051	0.997861490972082	0.89706504163089	306.11664868499	86.2592598900677	
1.73e-13   	0.0217254418689977	-0.0623478906182836	0.997817992276671	0.896049671715042	308.509501866449	87.849256599273	
1.735e-13  	0.0201687112305011	-0.0637894551495832	0.997759554451382	0.895160904529523	310.758953809513	89.7050265587124	
1.74e-13   	0.0201894371056675	-0.0638210347955195	0.997757115808745	0.895737753271347	306.478146438483	91.5163391173472	
1.745e-13  	0.0200209706945501	-0.0642278170226838	0.997734407672176	0.895499525752226	308.48561227626	93.2988298255837	
1.75e-13   	0.0187767730170838	-0.065179984795791	0.997696848936131	0.895220268040946	307.645115053773	95.1034013775444	
1.755e-13  	0.0194776848680515	-0.0641150738636378	0.997752412723538	0.894972020362456	307.851709283134	96.7257320341108	
1.76e-13   	0.0185600845034894	-0.0631719380408613	0.997830060434834	0.895779628175798	306.648300960166	98.305660018966	
1.765e-13  	0.0179098161708169	-0.0634206263712706	0.997826168546107	0.895647944669817	306.606288250674	99.7104415060222	
1.77e-13   	0.0175569321610621	-0.0642792702754687	0.997777495008755	0.896688184297547	302.4733893123	101.093591904213	
1.775e-13  	0.0156701513248345	-0.0640111528644966	0.997826146513717	0.897534618971978	299.247204076227	102.344474040558	
1.78e-13   	0.0166935977566037	-0.0662505488499858	0.997663364352434	0.898101443728169	297.184834048195	103.441523601059	
1.785e-13  	0.0150705023493282	-0.0634079357633428	0.997873896662885	0.898468508977885	296.399607395969	104.411265838713	
1.79e-13   	0.0150732546215235	-0.0642723307439107	0.997818552892188	0.899004514258673	294.544344729622	105.123307832065	
1.795e-13  	0.0124533849317213	-0.063177865879444	0.997924581552465	0.898586104957521	293.119770243375	105.900625738735	
1.8e-13    	0.0129709750010434	-0.0638138323530504	0.997877521847215	0.89923941801846	289.938281460098	106.464215051055	
1.805e-13  	0.0120823834410037	-0.0651026394153121	0.997805423091869	0.899807844884336	288.969890921548	106.804115017092	
1.81e-13   	0.0121595029789026	-0.066155665254244	0.99773522261273	0.900682276601246	287.566843405338	107.24798956733	
1.815e-13  	0.0119485303937281	-0.0656051737290844	0.99777411962899	0.90241698077606	280.685481274056	107.550626521956	
1.82e-13   	0.013836897265907	-0.0663620169120939	0.997699665723815	0.901736779408752	285.255437124024	107.645122023619	
1.825e-13  	0.0158239619790813	-0.0651851532879354	0.997747712609813	0.901317665619511	285.658175314989	107.706472803253	
1.83e-13   	0.0166333064721002	-0.067172721104283	0.997602705817928	0.902009871593993	284.543728044658	107.649113501955	
1.835e-13  	0.0166132774773453	-0.0679602448961779	0.997549700077701	0.902084531443643	284.367910352041	107.598582351888	
1.84e-13   	0.0169099636299494	-0.0690220971990202	0.997471805731011	0.901922722991076	282.910757790288	107.466629812479	
1.845e-13  	0.015590312077742	-0.0708956242059176	0.997361896523911	0.901138506638854	286.498568978543	106.870413861125	
1.85e-13   	0.016210788442212	-0.0722872450284718	0.997252106813656	0.900964045386609	288.81434569997	106.418272045369	
1.855e-13  	0.015829112681683	-0.0743388177321467	0.997107406135316	0.901240544246503	290.071433482932	105.912009315771	
1.86e-13   	0.0151560703434312	-0.0744667816905164	0.997108315057297	0.901391843422378	288.899177221188	105.264667630077	
1.865e-13  	0.0152873354390415	-0.0745906224923712	0.997097054659863	0.9016522294127	288.156584475566	104.463414719053	
1.87e-13   	0.0152540726255941	-0.0736707203352809	0.997165953206192	0.901048485210489	289.480605495889	103.51665560388	
1.875e-13  	0.0178571591307168	-0.074956644694741	0.997026891956223	0.900487624082942	290.654569817033	102.259147727188	
1.88e-13   	0.0194757491113397	-0.0746042440424077	0.997023019778086	0.900368989984455	294.223604493253	101.298134463337	
1.885e-13  	0.0187787541821454	-0.0761382507886806	0.996920420674693	0.900934509458646	292.134612632631	100.012300181434	
1.89e-13   	0.0181773342550033	-0.0753396344930368	0.996992238682848	0.901712485155064	291.45236865799	98.6114762686516	
1.895e-13  	0.0185582849202094	-0.0759957062230531	0.996935425539929	0.901950518168523	290.749436269445	97.074407937623	
1.9e-13    	0.0197952359996897	-0.0774822368680915	0.996797196826733	0.902211657927471	287.354046982178	95.7970578008407	
1.905e-13  	0.0216018966185655	-0.0772643534513727	0.996776593700024	0.901756335898028	288.803565397022	94.3181493172032	
1.91e-13   	0.0210427301141421	-0.0751344917041185	0.996951358726045	0.901010925675643	290.993244450058	92.577842541556	
1.915e-13  	0.019300277055365	-0.0747851886739122	0.997012875975327	0.901671546635057	287.658378171377	90.8853001174113	
1.92e-13   	0.0181473718521567	-0.0741867379259783	0.997079234971204	0.902709385039935	285.415850197513	89.02843407926	
1.925e-13  	0.0174578504241752	-0.074197446610848	0.997090749317733	0.902448397458367	285.806605585928	87.2561647903404	
1.93e-13   	0.0165092823768682	-0.0731266273998281	0.997186010712408	0.902261899123599	288.362913327985	85.353809991086	
1.935e-13  	0.0147223147399255	-0.0705010587707596	0.997403055018833	0.903078918851441	285.349547660423	83.5246394584598	
1.94e-13   	0.0146228085844509	-0.0716115572479444	0.99732540243274	0.902840370713415	286.501056346857	81.6913251418673	
1.945e-13  	0.0168692675355407	-0.0727558415378471	0.99720710754333	0.90218471618974	286.139897331204	79.5956694889686	
1.95e-13   	0.0151522816301456	-0.0720050816236531	0.997289163974909	0.901842629727356	287.429643338735	77.7153599893774	
1.955e-13  	0.0150081939946914	-0.0725386749805309	0.997252673471015	0.901913267193517	286.539999017761	75.5253295781112	
1.96e-13   	0.013659707711981	-0.0735643115406829	0.997196923607754	0.901576621578267	288.653281372913	73.362140854802	
1.965e-13  	0.0137338009049126	-0.0742847275399068	0.997142498325603	0.902387807090637	287.371896761444	71.3446407625627	
1.97e-13   	0.0132248809493795	-0.0743839948052079	0.997141977774827	0.903122892564945	287.862218529721	69.3823937036711	
1.975e-13  	0.0133005187159471	-0.0727571865436255	0.997260992924191	0.902371309510269	292.458603793755	67.1403256141047	
1.98e-13   	0.013187481166361	-0.072241418793854	0.997299988845452	0.902114567607659	292.731939238809	64.9808490436651	
1.985e-13  	0.0150583521434668	-0.0716835317125014	0.997313750688291	0.903100202039141	288.899148729074	62.8979486831543	
1.99e-13   	0.0147033083389409	-0.0702802289338111	0.997418920085689	0.903442750716087	288.52524333364	60.8799428469198	
1.995e-13  	0.013547806009361	-0.0686400431569964	0.997549498234418	0.903065621638812	289.594396742578	58.8068136213264	
2e-13      	0.0137929666272035	-0.0678131328853776	0.997602692999518	0.903232660670021	287.944137297301	56.7854168405494	
2.005e-13  	0.0127373984160366	-0.0672369606746607	0.997655727092681	0.903378083530168	289.314283216496	54.7230848020359	
2.01e-13   	0.0107312462046843	-0.0677459030004686	0.997644893226816	0.902049013355052	292.002127001587	52.7454754150531	
2.015e-13  	0.00930911472329836	-0.0687776912514538	0.997588577304887	0.901806060331052	295.701284114801	50.9244747560289	
2.02e-13   	0.00974438818344488	-0.0704292797736923	0.997469179197778	0.902253423706444	294.612308409426	49.0962354499123	
2.025e-13  	0.00729664606032023	-0.068727465907769	0.997608788246258	0.902283658794922	294.650494883732	47.3183749846939	
2.03e-13   	0.00566651568139397	-0.0678975997935953	0.997676203255496	0.90323380794184	292.964407020283	45.7826944198724	
2.035e-13  	0.00766620928913235	-0.0683750297612069	0.997630234375587	0.903365776881151	293.081633153138	44.1625535119563	
2.04e-13   	0.00664874203354495	-0.0691213960050063	0.997586099965156	0.903754964892138	290.60286176258	42.6616133763658	
2.045e-13  	0.00580089161031256	-0.0691961322086858	0.99758620927912	0.904224355075968	290.163283195263	41.149444175256	
2.05e-13   	0.00682682219740498	-0.0704599618119003	0.997491247219819	0.904979211459653	287.610113408287	39.7638216714947	
2.055e-13  	0.00557936302250416	-0.07198299528615	0.99739025416228	0.905035657202611	286.594611079226	38.4367874845414	
2.06e-13   	0.00518121721284384	-0.0725195214123294	0.997353535112961	0.905530044015306	287.018166353467	37.1886011683135	
2.065e-13  	0.00554118138412895	-0.0725335899294797	0.997350577099552	0.905266888646301	287.292113362799	36.1257092622427	
2.07e-13   	0.00474931856531772	-0.0737058079201341	0.997268718977992	0.90568433424962	284.455705131501	35.1216864274003	
2.075e-13  	0.00524282733088979	-0.0741910990254186	0.99723026106661	0.904876824903508	287.374966835808	34.1533638395572	
2.08e-13   	0.00452340552742059	-0.0743193755208864	0.997224232168784	0.904551665381012	288.572409888076	33.542266264141	
2.085e-13  	0.00469543190353254	-0.0752520366822666	0.997153490639435	0.904326760680145	290.546039132621	32.8330483942115	
2.09e-13   	0.00326913508569247	-0.0762004501439822	0.997087159757684	0.90369158731416	291.44597568179	32.2487755085921	
2.095e-13  	0.00289330704876266	-0.07733168581964	0.99700122324028	0.903674321363643	292.286198777897	31.8486576905712	
2.1e-13    	0.00399590466583248	-0.0768101997217495	0.99703772544704	0.90360508045779	291.267873157514	31.5412986161223	
2.105e-13  	0.00341801274784255	-0.0757925191805056	0.997117751935612	0.902836976170617	292.177391542662	31.319132619683	
2.11e-13   	0.00177320206023684	-0.0757815357344379	0.99712286835484	0.902097406611207	293.080139239732	31.246555724838	
2.115e-13  	0.00263170246600557	-0.0734330621765291	0.997296675779834	0.901414253373821	294.340329916841	31.2846251509313	
2.12e-13   	-0.000207810868474551	-0.0732626253754585	0.997312661374425	0.89993204771399	296.764853097144	31.4690508295363	
2.125e-13  	-0.00069679269025565	-0.0739660260572094	0.997260518354783	0.900501668263017	293.745978661621	31.7100918208093	
2.13e-13   	-0.00041734090146099	-0.0748617869184429	0.997193832053703	0.900291642115905	293.601335336327	32.0233564639057	
2.135e-13  	-0.000336069551386896	-0.0758383799526832	0.997120066583463	0.899790317886438	294.799724308936	32.4887064821047	
2.14e-13   	-0.00169076342985193	-0.0740966324482345	0.997249632929918	0.899918615192711	294.131165361889	33.0251234599404	
2.145e-13  	-0.00151556938140896	-0.074629253140634	0.997210197313045	0.900004219035393	293.939354694483	33.8186457022719	
2.15e-13   	-0.00238022575738965	-0.0744313071846569	0.997223302493542	0.900122855642184	296.381332664491	34.7756701819568	
2.155e-13  	-0.00251694806246685	-0.0768234865253588	0.997041532179346	0.899859188190633	297.060465916689	35.7200154801381	
2.16e-13   	-0.00252390951291318	-0.0774005265372919	0.996996884835916	0.899836198089172	297.357764186633	36.8347312919406	
2.165e-13  	-0.00195522256421742	-0.0795126543242885	0.996831939148737	0.900272275852857	296.706592651709	38.1488008522841	
2.17e-13   	-6.43133194924465e-05	-0.0795458825122603	0.996831203584209	0.901172667525959	296.099225715573	39.5144942893717	
2.175e-13  	0.00145276062740972	-0.0791575739642921	0.996861057505331	0.900755546089933	300.61987895789	40.8850433251992	
2.18e-13   	0.00198628104289788	-0.0779780868849646	0.996953094510158	0.900153520918551	303.963194075972	42.3374359464009	
2.185e-13  	0.00405802160527323	-0.0781861434606349	0.996930518858463	0.899928777812551	305.749021270554	43.9913964657568	
2.19e-13   	0.00343094343016191	-0.0796224409491608	0.996819188982875	0.900406582657719	304.244034930241	45.786995905017	
2.195e-13  	0.00327558994472476	-0.0785043757551498	0.996908387715646	0.900261700769159	304.681776114944	47.6072555229253	
2.2e-13    	0.00450377703578049	-0.0808498850534819	0.996716114086278	0.899769414879931	305.617638535181	49.5141114562718	
2.205e-13  	0.00389256802381765	-0.0821414232384466	0.996613081643294	0.899970158816769	303.720916155327	51.4914053293321	
2.21e-13   	0.00387196027908222	-0.0821837103604102	0.996609675688027	0.900128990090652	301.676207683176	53.3996358009301	
2.215e-13  	0.00467046750713837	-0.0837294915364069	0.996477575753875	0.89935949056389	301.743278077601	55.5112773133934	
2.22e-13   	0.00530857812336509	-0.0841705048942475	0.996437225872335	0.900150497736249	299.276681169201	57.7602911126982	
2.225e-13  	0.00595396623201101	-0.0836807250572563	0.996474829857734	0.8994363826502	301.74597949599	60.0346493342515	
2.23e-13   	0.00728316384002572	-0.0858067369993929	0.996285179760292	0.899706245145834	299.785295462486	62.2287713203007	
2.235e-13  	0.00786955283940687	-0.0852871899612793	0.9963253310875	0.898868274746703	303.027947458182	64.5635096428111	
2.24e-13   	0.0093022660926507	-0.0869076563622419	0.996172940362849	0.898844605686604	302.491944310292	66.909839876574	
2.245e-13  	0.00801638781974276	-0.0882872778858652	0.996062796258262	0.899057834000184	303.111017360469	69.5092204534727	
2.25e-13   	0.00706870854093751	-0.0875716876414809	0.996133140139001	0.899278822507765	302.23013894802	71.9617345137426	
2.255e-13  	0.00574345783770245	-0.0878327685567681	0.99611867639339	0.897698859984864	305.821696843103	74.143239014329	
2.26e-13   	0.00489391018878294	-0.0850570677216001	0.996364062415775	0.897094874243361	308.800616822042	76.6261977916011	
2.265e-13  	0.00730543076216709	-0.0848879239733494	0.996363724271851	0.898084675537896	305.239290949382	79.1979967977788	
2.27e-13   	0.00720677711412398	-0.0824695164002839	0.996567529687944	0.89826951404193	306.183430466893	81.660850827936	
2.275e-13  	0.00352275433047222	-0.0816698346833969	0.996653213662964	0.898560434937161	306.1608393364	84.0767050688502	
2.28e-13   	0.00372279600558105	-0.0822289227571887	0.996606514654652	0.89773536571852	309.989957373086	86.5888907858469	
2.285e-13  	0.00434191445517826	-0.0811366016493071	0.99669353346536	0.898469551752655	307.125354556377	89.0790193601356	
2.29e-13   	0.00548712604327467	-0.0802433804075361	0.996760197514205	0.898213507223264	308.73213900026	91.4836687879557	
2.295e-13  	0.00698915337556613	-0.0794557336344396	0.996813893426303	0.898424470722605	309.658911340228	93.7382287023151	
2.3e-13    	0.00781087834579908	-0.0810663932665321	0.996678097513045	0.898561816451743	309.189723959956	96.0425679539326	
2.305e-13  	0.010801307938853	-0.0801786544691687	0.996721984865551	0.898038213211268	311.14244809046	98.4703269933265	
2.31e-13   	0.0110585052535278	-0.0785424955461658	0.996849429881433	0.897923445550576	311.821758338766	100.488821589889	
2.315e-13  	0.0108682526394022	-0.0769045709325809	0.996979221475674	0.898877496528178	308.996519637859	102.735914334572	
2.32e-13   	0.0125593008233981	-0.0765920484287807	0.996983411135968	0.899881878333837	306.252767051584	104.752270495383	
2.325e-13  	0.0108869756410984	-0.075395808448794	0.997094251226905	0.899997844173008	307.080725374526	106.805635222188	
2.33e-13   	0.0122022356762552	-0.0754978182848169	0.997071303808676	0.899215640796345	308.745476237869	108.637707763593	
2.335e-13  	0.0121524461890179	-0.0771297019411564	0.996947003170224	0.899855981576211	307.198020967417	110.381875181605	
2.34e-13   	0.0104770868006825	-0.0754504514768844	0.99709450907329	0.899960570182818	305.334950286192	111.988351750278	
2.345e-13  	0.00831799893066992	-0.0732202120458972	0.9972811095382	0.900364002599945	304.238040365367	113.622493844331	
2.35e-13   	0.00824555909417312	-0.0740594172944553	0.997219741814827	0.900760824451466	303.717617655244	115.096242191973	
2.355e-13  	0.00884232737453471	-0.0740076351993799	0.997218473143572	0.901497171960799	300.862324772237	116.76874289938	
2.36e-13   	0.00957596493131554	-0.0733553965962725	0.997259889239429	0.900548237541771	302.371860003767	118.100395051958	
2.365e-13  	0.0084371731237647	-0.072912481105444	0.997302654267363	0.900870302368428	302.216786171279	119.336422019342	
2.37e-13   	0.00769629470822733	-0.0730371047085577	0.997299527917042	0.901009112672257	302.131152464743	120.410268887552	
2.375e-13  	0.00802515057114081	-0.0742337176276596	0.997208580050075	0.90102932543531	300.188841312619	121.408025718277	
2.38e-13   	0.00962407034802262	-0.073769467768169	0.997228881899806	0.901068988777948	297.883043015475	122.403854250604	
2.385e-13  	0.0101298207417347	-0.0730879914008948	0.99727405072263	0.901393363427623	293.68941444851	123.209749898659	
2.39e-13   	0.0110180112286967	-0.0716571530566294	0.997368465435108	0.901393819335665	294.507630681013	123.898431296198	
2.395e-13  	0.0131487884595875	-0.0715483257743833	0.997350463197831	0.901055741709914	293.799158388349	124.606737127872	
2.4e-13    	0.0141002427513537	-0.0703972302090112	0.997419376758469	0.900244434939272	296.721923623684	125.017314404995	
2.405e-13  	0.0130003543027912	-0.0702551593276215	0.997444335978631	0.899758379666768	296.184799471482	125.236160620216	
2.41e-13   	0.0142708856765625	-0.0703797268035172	0.997418185054328	0.899740593527284	296.480427195415	125.278803163689	
2.415e-13  	0.0142766088045514	-0.0683893123406664	0.997556554987542	0.900072304340839	294.547055371896	125.081010269697	
2.42e-13   	0.0128494818293239	-0.0689531426653822	0.997537144638377	0.89989752928546	294.294966267506	125.010075230042	
2.425e-13  	0.0135471866191888	-0.0680092144451156	0.997592712726623	0.899458486232859	295.438356250891	124.916015539974	
2.43e-13   	0.0108144360679574	-0.0666911990064777	0.997715055488094	0.899388250217159	298.656802093808	124.374138758653	
2.435e-13  	0.00919065833170075	-0.066610174970222	0.997736747037948	0.899626979277103	296.717552773192	123.885705117043	
2.44e-13   	0.0101787694054613	-0.0670683527281351	0.997696461212389	0.899469282308414	295.615300070058	123.227657587871	
2.445e-13  	0.0102007019103516	-0.0674471723542049	0.997670699490548	0.89946817438049	294.284823026568	122.421763424949	
2.45e-13   	0.0125773177598516	-0.0690134742435997	0.997536441164329	0.898721796664969	296.893823595399	121.551368466476	
2.455e-13  	0.0139111034400307	-0.0698882471846427	0.997457825728256	0.899437588654802	295.276136298751	120.536610473586	
2.46e-13   	0.0150009206978041	-0.0719784707572023	0.997293373148379	0.898975312660836	297.39572140108	119.579991337742	
2.465e-13  	0.0154545668608486	-0.0727975515689087	0.997226991636666	0.898772005941716	298.712309859484	118.466521608352	
2.47e-13   	0.0149179675418904	-0.0719161865331517	0.99729911077818	0.899093166814794	295.437789813487	117.083919726783	
2.475e-13  	0.0174668398520625	-0.0716010051731847	0.997280404682541	0.899554537593266	293.693634081239	115.580633422943	
2.48e-13   	0.0167763880950913	-0.0736978393393744	0.997139499407776	0.899117298000883	294.394181599085	114.130311293844	
2.485e-13  	0.0171018357688843	-0.0715388568649471	0.997291190762152	0.898845931295035	296.117326261096	112.726777061651	
2.49e-13   	0.0148726359003387	-0.0698203757984692	0.997448705360199	0.89957908877691	292.018753739308	111.170908300243	
2.495e-13  	0.0151525847451608	-0.0683121408186642	0.997548921403012	0.898748768318004	295.781392520851	109.588170019115	
2.5e-13    	0.0154855279202884	-0.0694508996653345	0.997465172805901	0.899082082895401	296.01880042293	107.817617672767	
