#----------------------------------------------------------------------------------------------------------------------------------------------------------
# Output file for vampire simulation
#   time       : 2025-01-31 11:16:14     process id : 662981
#   hostname   : n-hpc-ca5
#   path       : /work/friweber/quantum-thermostat
#   version    : 7.0.0
#   githash    : ca21851c12817d8d42307a37775db8055ab732a7
#----------------------------------------------------------------------------------------------------------------------------------------------------------
0          	1          	1          	0          	0          	1          	
1e-12      	1          	-0.194397  	0.98092    	-0.00232518	0.97134    	
2e-12      	1          	-0.919077  	-0.393182  	-0.0265588 	0.927152   	
3e-12      	1          	0.580436   	-0.812838  	-0.0488719 	0.890306   	
4e-12      	1          	0.66341    	0.744536   	-0.0745235 	0.868403   	
5e-12      	1          	-0.871363  	0.482002   	-0.0916569 	0.848946   	
6e-12      	1          	-0.276535  	-0.954881  	-0.108306  	0.827464   	
7e-12      	1          	0.990655   	-0.058256  	-0.123326  	0.8064     	
8e-12      	1          	-0.161337  	0.977473   	-0.136076  	0.784572   	
9e-12      	1          	-0.915241  	-0.372923  	-0.152518  	0.765302   	
1e-11      	1          	0.563426   	-0.810012  	-0.162581  	0.745647   	
1.1e-11    	1          	0.666658   	0.724126   	-0.17666   	0.727173   	
1.2e-11    	1          	-0.850946  	0.48878    	-0.192316  	0.706993   	
1.3e-11    	1          	-0.285075  	-0.93535   	-0.209409  	0.6873     	
1.4e-11    	1          	0.971044   	-0.0693331 	-0.228617  	0.6686     	
1.5e-11    	1          	-0.151989  	0.958305   	-0.241973  	0.652744   	
1.6e-11    	1          	-0.895752  	-0.36277   	-0.256957  	0.63806    	
1.7e-11    	1          	0.552673   	-0.787694  	-0.272196  	0.622649   	
1.8e-11    	1          	0.641024   	0.710563   	-0.290154  	0.606902   	
1.9e-11    	1          	-0.829938  	0.466412   	-0.306044  	0.591383   	
2e-11      	1          	-0.270444  	-0.907225  	-0.322184  	0.577676   	
2.1e-11    	1          	0.938672   	-0.0652004 	-0.33859   	0.564182   	
2.2e-11    	1          	-0.139548  	0.92349    	-0.35734   	0.547966   	
2.3e-11    	1          	-0.862204  	-0.338594  	-0.376773  	0.536142   	
2.4e-11    	1          	0.51766    	-0.759011  	-0.394879  	0.525042   	
2.5e-11    	1          	0.617894   	0.672853   	-0.406787  	0.513689   	
2.6e-11    	1          	-0.786428  	0.451318   	-0.421714  	0.502882   	
2.7e-11    	1          	-0.268857  	-0.85694   	-0.439738  	0.492698   	
2.8e-11    	1          	0.886454   	-0.0737191 	-0.456908  	0.48072    	
2.9e-11    	1          	-0.125999  	0.869681   	-0.477262  	0.469796   	
3e-11      	1          	-0.811277  	-0.312404  	-0.4942    	0.460471   	
3.1e-11    	1          	0.479907   	-0.709821  	-0.5156    	0.449976   	
3.2e-11    	1          	0.575405   	0.619255   	-0.534259  	0.440996   	
3.3e-11    	1          	-0.720934  	0.417929   	-0.552802  	0.433037   	
3.4e-11    	1          	-0.250165  	-0.783475  	-0.568846  	0.42435    	
3.5e-11    	1          	0.806999   	-0.0675105 	-0.586682  	0.416241   	
3.6e-11    	1          	-0.115501  	0.789466   	-0.602829  	0.406399   	
3.7e-11    	1          	-0.730156  	-0.292679  	-0.617423  	0.399237   	
3.8e-11    	1          	0.440163   	-0.633846  	-0.635999  	0.392409   	
3.9e-11    	1          	0.506925   	0.559547   	-0.655694  	0.387167   	
4e-11      	1          	-0.644945  	0.361312   	-0.673423  	0.380671   	
4.1e-11    	1          	-0.199429  	-0.694003  	-0.6918    	0.374774   	
4.2e-11    	1          	0.707994   	-0.0378932 	-0.705202  	0.370098   	
4.3e-11    	1          	-0.118777  	0.678608   	-0.724834  	0.364205   	
4.4e-11    	1          	-0.616754  	-0.261036  	-0.742614  	0.362502   	
4.5e-11    	1          	0.375103   	-0.53123   	-0.759666  	0.357956   	
4.6e-11    	1          	0.418256   	0.47309    	-0.775402  	0.355501   	
4.7e-11    	1          	-0.547404  	0.294876   	-0.783197  	0.35289    	
4.8e-11    	1          	-0.158853  	-0.584309  	-0.795832  	0.349844   	
4.9e-11    	1          	0.588713   	-0.025562  	-0.807938  	0.345072   	
5e-11      	1          	-0.0963909 	0.557775   	-0.824376  	0.342521   	
5.1e-11    	1          	-0.504918  	-0.217809  	-0.835234  	0.338401   	
5.2e-11    	1          	0.316242   	-0.431893  	-0.844665  	0.337499   	
5.3e-11    	1          	0.344164   	0.393637   	-0.852409  	0.334732   	
5.4e-11    	1          	-0.444433  	0.25064    	-0.860034  	0.335311   	
5.5e-11    	1          	-0.143427  	-0.477136  	-0.867047  	0.332394   	
5.6e-11    	1          	0.484249   	-0.0275973 	-0.874495  	0.333275   	
5.7e-11    	1          	-0.0769565 	0.4641     	-0.882434  	0.331915   	
5.8e-11    	1          	-0.420229  	-0.16649   	-0.892014  	0.331538   	
5.9e-11    	1          	0.237794   	-0.365643  	-0.899866  	0.328469   	
6e-11      	1          	0.294076   	0.303071   	-0.906459  	0.324943   	
6.1e-11    	1          	-0.347463  	0.20775    	-0.91439   	0.320588   	
6.2e-11    	1          	-0.113049  	-0.375474  	-0.919913  	0.319598   	
6.3e-11    	1          	0.384234   	-0.0218343 	-0.922977  	0.317502   	
6.4e-11    	1          	-0.0717978 	0.375419   	-0.92407   	0.317787   	
6.5e-11    	1          	-0.335231  	-0.15533   	-0.929243  	0.318275   	
6.6e-11    	1          	0.220679   	-0.283398  	-0.933266  	0.32045    	
6.7e-11    	1          	0.22113    	0.274172   	-0.935912  	0.320969   	
6.8e-11    	1          	-0.304153  	0.149191   	-0.940868  	0.319683   	
6.9e-11    	1          	-0.072677  	-0.319477  	-0.944803  	0.317333   	
7e-11      	1          	0.320224   	0.00194399 	-0.94734   	0.315275   	
7.1e-11    	1          	-0.070531  	0.305739   	-0.949499  	0.316111   	
7.2e-11    	1          	-0.27609   	-0.133623  	-0.951798  	0.313656   	
7.3e-11    	1          	0.184979   	-0.230578  	-0.95531   	0.315194   	
7.4e-11    	1          	0.177574   	0.225587   	-0.957903  	0.314507   	
7.5e-11    	1          	-0.252602  	0.122251   	-0.959816  	0.314587   	
7.6e-11    	1          	-0.0582426 	-0.264962  	-0.962498  	0.31292    	
7.7e-11    	1          	0.264359   	0.00493841 	-0.964412  	0.311451   	
7.8e-11    	1          	-0.0580451 	0.251324   	-0.966161  	0.313087   	
7.9e-11    	1          	-0.229697  	-0.10886   	-0.967155  	0.31304    	
8e-11      	1          	0.148409   	-0.195388  	-0.969432  	0.313479   	
8.1e-11    	1          	0.145151   	0.184581   	-0.97204   	0.313673   	
8.2e-11    	1          	-0.21157   	0.0962004  	-0.972617  	0.313855   	
8.3e-11    	1          	-0.0443505 	-0.219235  	-0.974664  	0.315246   	
8.4e-11    	1          	0.210733   	0.00679542 	-0.97752   	0.314792   	
8.5e-11    	1          	-0.0444801 	0.197994   	-0.979194  	0.315161   	
8.6e-11    	1          	-0.175951  	-0.0834124 	-0.980859  	0.313954   	
8.7e-11    	1          	0.118835   	-0.150062  	-0.981509  	0.313535   	
8.8e-11    	1          	0.108046   	0.151294   	-0.982566  	0.314306   	
8.9e-11    	1          	-0.175693  	0.0647553  	-0.982313  	0.315505   	
9e-11      	1          	-0.0157697 	-0.176231  	-0.984223  	0.315139   	
9.1e-11    	1          	0.170849   	0.02601    	-0.984954  	0.316214   	
9.2e-11    	1          	-0.0572886 	0.163638   	-0.984856  	0.31593    	
9.3e-11    	1          	-0.150763  	-0.0869444 	-0.984739  	0.316928   	
9.4e-11    	1          	0.116068   	-0.125536  	-0.985276  	0.320734   	
9.5e-11    	1          	0.0939099  	0.128619   	-0.987238  	0.321634   	
9.6e-11    	1          	-0.143763  	0.068569   	-0.987234  	0.324049   	
9.7e-11    	1          	-0.0338575 	-0.154605  	-0.987396  	0.324568   	
9.8e-11    	1          	0.15204    	0.00349562 	-0.988368  	0.325073   	
9.9e-11    	1          	-0.0383104 	0.136484   	-0.989901  	0.324781   	
1e-10      	1          	-0.116969  	-0.0643553 	-0.991048  	0.323842   	
1.01e-10   	1          	0.0902539  	-0.0972152 	-0.991163  	0.320978   	
1.02e-10   	1          	0.075376   	0.109595   	-0.991114  	0.320778   	
1.03e-10   	1          	-0.124298  	0.0500888  	-0.99098   	0.320835   	
1.04e-10   	1          	-0.0298038 	-0.125991  	-0.991584  	0.320682   	
1.05e-10   	1          	0.126056   	-0.00474431	-0.992012  	0.319211   	
1.06e-10   	1          	-0.0221366 	0.122898   	-0.992172  	0.317101   	
1.07e-10   	1          	-0.109942  	-0.0462294 	-0.992862  	0.315886   	
1.08e-10   	1          	0.0615944  	-0.10121   	-0.992956  	0.316007   	
1.09e-10   	1          	0.0917093  	0.0731239  	-0.993097  	0.31562    	
1.1e-10    	1          	-0.0851708 	0.0719744  	-0.993763  	0.316777   	
1.11e-10   	1          	-0.0438502 	-0.0904133 	-0.994938  	0.317798   	
1.12e-10   	1          	0.0963952  	-0.0124455 	-0.995265  	0.319663   	
1.13e-10   	1          	-0.0136242 	0.102107   	-0.99468   	0.320218   	
1.14e-10   	1          	-0.0940091 	-0.0407748 	-0.994736  	0.321527   	
1.15e-10   	1          	0.0576541  	-0.0870557 	-0.994534  	0.321816   	
1.16e-10   	1          	0.0793451  	0.0647621  	-0.994741  	0.321827   	
1.17e-10   	1          	-0.0828672 	0.0664244  	-0.994344  	0.320778   	
1.18e-10   	1          	-0.0408956 	-0.101399  	-0.994005  	0.319636   	
1.19e-10   	1          	0.10466    	-0.00873632	-0.99447   	0.319207   	
1.2e-10    	1          	-0.014549  	0.103703   	-0.994502  	0.320563   	
1.21e-10   	1          	-0.0974677 	-0.0314121 	-0.994743  	0.323423   	
1.22e-10   	1          	0.046392   	-0.0905791 	-0.994808  	0.322409   	
1.23e-10   	1          	0.0786761  	0.0636344  	-0.994867  	0.323571   	
1.24e-10   	1          	-0.073618  	0.0575168  	-0.995627  	0.322848   	
1.25e-10   	1          	-0.0417476 	-0.0856026 	-0.995454  	0.322175   	
1.26e-10   	1          	0.0929109  	-0.0184522 	-0.995503  	0.32315    	
1.27e-10   	1          	-0.00873894	0.100139   	-0.994935  	0.322912   	
1.28e-10   	1          	-0.0977573 	-0.0344008 	-0.994616  	0.32403    	
1.29e-10   	1          	0.0518291  	-0.0845438 	-0.995071  	0.326462   	
1.3e-10    	1          	0.0617579  	0.0576633  	-0.996424  	0.32794    	
1.31e-10   	1          	-0.0691761 	0.0453603  	-0.996573  	0.326975   	
1.32e-10   	1          	-0.0282865 	-0.0804853 	-0.996354  	0.327378   	
1.33e-10   	1          	0.0855526  	-0.0116714 	-0.996265  	0.326441   	
1.34e-10   	1          	-0.00514928	0.093678   	-0.995589  	0.324932   	
1.35e-10   	1          	-0.0934243 	-0.0206623 	-0.995412  	0.325107   	
1.36e-10   	1          	0.036295   	-0.0850353 	-0.995717  	0.326071   	
1.37e-10   	1          	0.074346   	0.0505144  	-0.995952  	0.327708   	
1.38e-10   	1          	-0.070827  	0.0642171  	-0.995419  	0.328601   	
1.39e-10   	1          	-0.0404813 	-0.0900942 	-0.99511   	0.328741   	
1.4e-10    	1          	0.0965386  	-0.0170343 	-0.995183  	0.328743   	
1.41e-10   	1          	-0.00493029	0.0919591  	-0.995751  	0.327703   	
1.42e-10   	1          	-0.087372  	-0.0168418 	-0.996033  	0.325532   	
1.43e-10   	1          	0.033779   	-0.0761026 	-0.996528  	0.326577   	
1.44e-10   	1          	0.0604043  	0.0531659  	-0.996757  	0.325272   	
1.45e-10   	1          	-0.0688437 	0.0425073  	-0.996721  	0.322957   	
1.46e-10   	1          	-0.0238049 	-0.0749253 	-0.996905  	0.320324   	
1.47e-10   	1          	0.0795636  	-0.0108933 	-0.99677   	0.318968   	
1.48e-10   	1          	0.000408973	0.0816992  	-0.996657  	0.3194     	
1.49e-10   	1          	-0.0802784 	-0.016778  	-0.996631  	0.321599   	
1.5e-10    	1          	0.0257097  	-0.075252  	-0.996833  	0.324064   	
1.51e-10   	1          	0.0694644  	0.031292   	-0.997094  	0.322197   	
1.52e-10   	1          	-0.0432268 	0.0585111  	-0.99735   	0.320959   	
1.53e-10   	1          	-0.0446828 	-0.0559135 	-0.997435  	0.318364   	
1.54e-10   	1          	0.057012   	-0.0308237 	-0.997898  	0.317197   	
1.55e-10   	1          	0.0113649  	0.0602409  	-0.998119  	0.316388   	
1.56e-10   	1          	-0.0598793 	-0.000359593	-0.998206  	0.316703   	
1.57e-10   	1          	0.0153991  	-0.0602624 	-0.998064  	0.317437   	
1.58e-10   	1          	0.0570244  	0.0266781  	-0.998016  	0.317666   	
1.59e-10   	1          	-0.0398964 	0.0476104  	-0.998069  	0.320027   	
1.6e-10    	1          	-0.0287717 	-0.045306  	-0.998559  	0.32294    	
1.61e-10   	1          	0.0515945  	-0.00995684	-0.998618  	0.323854   	
1.62e-10   	1          	-0.00677077	0.0493098  	-0.998761  	0.325541   	
1.63e-10   	1          	-0.0424124 	-0.0190982 	-0.998918  	0.326048   	
1.64e-10   	1          	0.0308684  	-0.0396021 	-0.998739  	0.326201   	
1.65e-10   	1          	0.0373192  	0.038505   	-0.998561  	0.327195   	
1.66e-10   	1          	-0.0456273 	0.0305314  	-0.998492  	0.328008   	
1.67e-10   	1          	-0.0162365 	-0.0441817 	-0.998892  	0.32878    	
1.68e-10   	1          	0.0442984  	-0.00645033	-0.998998  	0.327724   	
1.69e-10   	1          	-0.00234692	0.0385262  	-0.999255  	0.325555   	
1.7e-10    	1          	-0.0372524 	-0.0132147 	-0.999219  	0.325714   	
1.71e-10   	1          	0.0244398  	-0.0357822 	-0.999061  	0.325687   	
1.72e-10   	1          	0.0324332  	0.0426023  	-0.998566  	0.327736   	
1.73e-10   	1          	-0.0511134 	0.0239791  	-0.998405  	0.330121   	
1.74e-10   	1          	-0.0115222 	-0.0514886 	-0.998607  	0.329627   	
1.75e-10   	1          	0.045296   	-0.00098888	-0.998973  	0.330201   	
1.76e-10   	1          	-0.00940872	0.0450948  	-0.998938  	0.329686   	
1.77e-10   	1          	-0.0352965 	-0.0223609 	-0.999127  	0.331363   	
1.78e-10   	1          	0.0303528  	-0.0269583 	-0.999176  	0.332832   	
1.79e-10   	1          	0.0137972  	0.0345165  	-0.999309  	0.332782   	
1.8e-10    	1          	-0.0340264 	0.01115    	-0.999359  	0.332915   	
1.81e-10   	1          	-0.012532  	-0.0353262 	-0.999297  	0.332405   	
1.82e-10   	1          	0.0336568  	-0.0125217 	-0.999355  	0.335032   	
1.83e-10   	1          	-0.00447514	0.0297272  	-0.999548  	0.334347   	
1.84e-10   	1          	-0.0238513 	-0.0184513 	-0.999545  	0.333457   	
1.85e-10   	1          	0.0181834  	-0.0166353 	-0.999696  	0.3291     	
1.86e-10   	1          	0.0184323  	0.0160389  	-0.999701  	0.325638   	
1.87e-10   	1          	-0.0227346 	0.0100288  	-0.999691  	0.324222   	
1.88e-10   	1          	-0.00492564	-0.031905  	-0.999479  	0.323543   	
1.89e-10   	1          	0.0336225  	0.00193108 	-0.999433  	0.323451   	
1.9e-10    	1          	-0.0129315 	0.02786    	-0.999528  	0.32195    	
1.91e-10   	1          	-0.0185373 	-0.0236256 	-0.999549  	0.321287   	
1.92e-10   	1          	0.0270244  	-0.00744333	-0.999607  	0.321549   	
1.93e-10   	1          	-0.000297839	0.0346635  	-0.999399  	0.323342   	
1.94e-10   	1          	-0.0321465 	-0.00220269	-0.999481  	0.322937   	
1.95e-10   	1          	0.0114087  	-0.0352457 	-0.999314  	0.323328   	
1.96e-10   	1          	0.035275   	0.0202404  	-0.999173  	0.322937   	
1.97e-10   	1          	-0.0243979 	0.0314942  	-0.999206  	0.324837   	
1.98e-10   	1          	-0.033907  	-0.0311876 	-0.998938  	0.325513   	
1.99e-10   	1          	0.0285594  	-0.01889   	-0.999414  	0.325079   	
2e-10      	1          	0.00107056 	0.0287524  	-0.999586  	0.325644   	
2.01e-10   	1          	-0.0195116 	-0.00451991	-0.999799  	0.324515   	
2.02e-10   	1          	0.0114353  	-0.0154659 	-0.999815  	0.324086   	
2.03e-10   	1          	0.0128235  	0.0203081  	-0.999712  	0.323487   	
2.04e-10   	1          	-0.0302955 	0.0116542  	-0.999473  	0.322544   	
2.05e-10   	1          	-0.00157383	-0.0405627 	-0.999176  	0.323514   	
2.06e-10   	1          	0.041107   	0.00526659 	-0.999141  	0.323087   	
2.07e-10   	1          	-0.0158857 	0.0398938  	-0.999078  	0.323814   	
2.08e-10   	1          	-0.0441607 	-0.0224483 	-0.998772  	0.320523   	
2.09e-10   	1          	0.033311   	-0.0491258 	-0.998237  	0.320421   	
2.1e-10    	1          	0.0473059  	0.0393238  	-0.998106  	0.319426   	
2.11e-10   	1          	-0.0445141 	0.0362658  	-0.99835   	0.319512   	
2.12e-10   	1          	-0.0274893 	-0.0503813 	-0.998352  	0.322442   	
2.13e-10   	1          	0.0524421  	-0.0196003 	-0.998432  	0.322161   	
2.14e-10   	1          	0.0056479  	0.0558442  	-0.998424  	0.323883   	
2.15e-10   	1          	-0.0527633 	-0.0115718 	-0.99854   	0.323252   	
2.16e-10   	1          	0.0297025  	-0.0422078 	-0.998667  	0.326249   	
2.17e-10   	1          	0.030606   	0.0446396  	-0.998534  	0.327747   	
2.18e-10   	1          	-0.0449196 	0.0112761  	-0.998927  	0.331378   	
2.19e-10   	1          	-0.000640488	-0.0418557 	-0.999123  	0.329284   	
2.2e-10    	1          	0.0452854  	0.00499343 	-0.998962  	0.328895   	
2.21e-10   	1          	-0.0129924 	0.0406094  	-0.999091  	0.32621    	
2.22e-10   	1          	-0.0327644 	-0.0266986 	-0.999106  	0.326979   	
2.23e-10   	1          	0.0354485  	-0.0279731 	-0.99898   	0.326108   	
2.24e-10   	1          	0.0182553  	0.0371598  	-0.999143  	0.326866   	
2.25e-10   	1          	-0.0457724 	0.0122437  	-0.998877  	0.32594    	
2.26e-10   	1          	-0.0020893 	-0.0442982 	-0.999016  	0.32663    	
2.27e-10   	1          	0.0398154  	0.0118581  	-0.999137  	0.328848   	
2.28e-10   	1          	-0.0216006 	0.0375742  	-0.99906   	0.331617   	
2.29e-10   	1          	-0.0274882 	-0.0301215 	-0.999168  	0.335427   	
2.3e-10    	1          	0.0402733  	-0.0223418 	-0.998939  	0.335908   	
2.31e-10   	1          	0.0101122  	0.0433596  	-0.999008  	0.334882   	
2.32e-10   	1          	-0.0517422 	-0.00055066	-0.99866   	0.332744   	
2.33e-10   	1          	0.00685226 	-0.0519357 	-0.998627  	0.329986   	
2.34e-10   	1          	0.0493193  	0.0135192  	-0.998692  	0.32794    	
2.35e-10   	1          	-0.0209438 	0.042926   	-0.998859  	0.324201   	
2.36e-10   	1          	-0.0303549 	-0.0233844 	-0.999266  	0.323884   	
2.37e-10   	1          	0.0305266  	-0.0169268 	-0.999391  	0.323736   	
2.38e-10   	1          	0.0104353  	0.0379748  	-0.999224  	0.326897   	
2.39e-10   	1          	-0.0455185 	0.00150425 	-0.998962  	0.327346   	
2.4e-10    	1          	-0.000430422	-0.0488681 	-0.998805  	0.328929   	
2.41e-10   	1          	0.0411851  	0.000115092	-0.999152  	0.32866    	
2.42e-10   	1          	-0.00850117	0.0317054  	-0.999461  	0.32897    	
2.43e-10   	1          	-0.0227433 	-0.0114087 	-0.999676  	0.327523   	
2.44e-10   	1          	0.0178705  	-0.0115531 	-0.999774  	0.326636   	
2.45e-10   	1          	0.0101937  	0.0220041  	-0.999706  	0.324808   	
2.46e-10   	1          	-0.027364  	0.00225254 	-0.999623  	0.324863   	
2.47e-10   	1          	0.00268035 	-0.0276538 	-0.999614  	0.325613   	
2.48e-10   	1          	0.0213698  	0.00710016 	-0.999746  	0.325568   	
2.49e-10   	1          	-0.00607606	0.0161624  	-0.999851  	0.326552   	
2.5e-10    	1          	-0.00834808	-0.0154046 	-0.999846  	0.327125   	
2.51e-10   	1          	0.0192636  	-8.44181e-06	-0.999814  	0.326073   	
2.52e-10   	1          	-0.00234577	0.0202208  	-0.999793  	0.324288   	
2.53e-10   	1          	-0.0196027 	-0.00671193	-0.999785  	0.3214     	
2.54e-10   	1          	0.00228262 	-0.0156022 	-0.999876  	0.319081   	
2.55e-10   	1          	0.00964171 	0.00146368 	-0.999952  	0.31715    	
2.56e-10   	1          	-0.00162851	0.00702504 	-0.999974  	0.316734   	
2.57e-10   	1          	-0.00161391	-0.00433554	-0.999989  	0.316371   	
2.58e-10   	1          	0.00867663 	0.00673447 	-0.99994   	0.316288   	
2.59e-10   	1          	-0.0121996 	0.0110473  	-0.999865  	0.315998   	
2.6e-10    	1          	-0.0129321 	-0.0161338 	-0.999786  	0.314235   	
2.61e-10   	1          	0.0194999  	-0.0127015 	-0.999729  	0.316122   	
2.62e-10   	1          	0.00846278 	0.0228467  	-0.999703  	0.318279   	
2.63e-10   	1          	-0.022627  	-0.00132682	-0.999743  	0.319844   	
2.64e-10   	1          	0.00277233 	-0.0256221 	-0.999668  	0.318683   	
2.65e-10   	1          	0.0253363  	0.00176346 	-0.999677  	0.317886   	
2.66e-10   	1          	-0.0129436 	0.0238924  	-0.999631  	0.317228   	
2.67e-10   	1          	-0.0209955 	-0.0227447 	-0.999521  	0.316867   	
2.68e-10   	1          	0.0314575  	-0.0130426 	-0.99942   	0.317404   	
2.69e-10   	1          	0.012152   	0.0348241  	-0.99932   	0.31616    	
2.7e-10    	1          	-0.0346904 	0.0174061  	-0.999247  	0.315555   	
2.71e-10   	1          	-0.0150973 	-0.0334634 	-0.999326  	0.315642   	
2.72e-10   	1          	0.0292263  	-0.00122957	-0.999572  	0.316198   	
2.73e-10   	1          	-0.0145383 	0.0233455  	-0.999622  	0.316982   	
2.74e-10   	1          	-0.0200688 	-0.0224832 	-0.999546  	0.319904   	
2.75e-10   	1          	0.0225184  	-0.0213584 	-0.999518  	0.320129   	
2.76e-10   	1          	0.0289813  	0.0219188  	-0.99934   	0.321593   	
2.77e-10   	1          	-0.0278944 	0.0225606  	-0.999356  	0.321749   	
2.78e-10   	1          	-0.0101933 	-0.0336385 	-0.999382  	0.321296   	
2.79e-10   	1          	0.0343993  	0.0053948  	-0.999394  	0.321939   	
2.8e-10    	1          	-0.0127677 	0.0328964  	-0.999377  	0.319855   	
2.81e-10   	1          	-0.0272767 	-0.0182558 	-0.999461  	0.319321   	
2.82e-10   	1          	0.0178801  	-0.0174571 	-0.999688  	0.318408   	
2.83e-10   	1          	0.0115962  	0.0301709  	-0.999477  	0.320523   	
2.84e-10   	1          	-0.038273  	0.0142125  	-0.999166  	0.321293   	
2.85e-10   	1          	-0.00965054	-0.0389968 	-0.999193  	0.320651   	
2.86e-10   	1          	0.0357606  	-0.0030409 	-0.999356  	0.32066    	
2.87e-10   	1          	0.000343591	0.0299533  	-0.999551  	0.320978   	
2.88e-10   	1          	-0.0238835 	-0.000886598	-0.999714  	0.321986   	
2.89e-10   	1          	0.00024153 	-0.0146983 	-0.999892  	0.322854   	
2.9e-10    	1          	0.00765705 	0.00848786 	-0.999935  	0.323508   	
2.91e-10   	1          	-0.0166721 	0.00806728 	-0.999828  	0.325181   	
2.92e-10   	1          	-0.00843362	-0.0167558 	-0.999824  	0.326013   	
2.93e-10   	1          	0.0206942  	-0.00993211	-0.999737  	0.32624    	
2.94e-10   	1          	0.00242272 	0.0193002  	-0.999811  	0.324938   	
2.95e-10   	1          	-0.0196999 	-0.00534111	-0.999792  	0.324036   	
2.96e-10   	1          	0.0067625  	-0.0224741 	-0.999725  	0.322467   	
2.97e-10   	1          	0.0240653  	0.00413817 	-0.999702  	0.324497   	
2.98e-10   	1          	-0.00868034	0.0269835  	-0.999598  	0.326293   	
2.99e-10   	1          	-0.0269431 	-0.0125928 	-0.999558  	0.327813   	
3e-10      	1          	0.0220253  	-0.012628  	-0.999678  	0.329479   	
3.01e-10   	1          	0.00717717 	0.0211981  	-0.99975   	0.328074   	
3.02e-10   	1          	-0.0178577 	-0.00125504	-0.99984   	0.327675   	
3.03e-10   	1          	0.00393876 	-0.0227076 	-0.999734  	0.327049   	
3.04e-10   	1          	0.0213201  	0.00880176 	-0.999734  	0.326493   	
3.05e-10   	1          	-0.00396277	0.0259574  	-0.999655  	0.326358   	
3.06e-10   	1          	-0.0241158 	-0.00608965	-0.999691  	0.326899   	
3.07e-10   	1          	0.0110479  	-0.0217565 	-0.999702  	0.329683   	
3.08e-10   	1          	0.013902   	0.0114305  	-0.999838  	0.331789   	
3.09e-10   	1          	-0.0136097 	0.00924141 	-0.999865  	0.332027   	
3.1e-10    	1          	-0.0113034 	-0.010376  	-0.999882  	0.332838   	
3.11e-10   	1          	0.0120757  	-0.00902551	-0.999886  	0.330205   	
3.12e-10   	1          	0.00449295 	0.01667    	-0.999851  	0.327857   	
3.13e-10   	1          	-0.0162781 	-0.00168576	-0.999866  	0.326348   	
3.14e-10   	1          	0.00387769 	-0.020807  	-0.999776  	0.325226   	
3.15e-10   	1          	0.0191368  	0.0118701  	-0.999746  	0.323826   	
3.16e-10   	1          	-0.0108747 	0.0205955  	-0.999729  	0.325101   	
3.17e-10   	1          	-0.0208503 	-0.0099345 	-0.999733  	0.326276   	
3.18e-10   	1          	0.0138486  	-0.0201439 	-0.999701  	0.327428   	
3.19e-10   	1          	0.0130502  	0.0149626  	-0.999803  	0.327257   	
3.2e-10    	1          	-0.0208531 	0.00516694 	-0.999769  	0.326945   	
3.21e-10   	1          	-0.00444404	-0.0199042 	-0.999792  	0.328008   	
3.22e-10   	1          	0.014384   	-0.00446807	-0.999887  	0.328742   	
3.23e-10   	1          	0.00479414 	0.0125002  	-0.99991   	0.327375   	
3.24e-10   	1          	-0.0144367 	0.0026439  	-0.999892  	0.325877   	
3.25e-10   	1          	-0.00147874	-0.0182854 	-0.999832  	0.32831    	
3.26e-10   	1          	0.0109451  	0.00165302 	-0.999939  	0.328291   	
3.27e-10   	1          	-0.00142956	0.0064943  	-0.999978  	0.329011   	
3.28e-10   	1          	0.00379356 	-0.00755159	-0.999964  	0.328081   	
3.29e-10   	1          	0.00813925 	0.00026715 	-0.999967  	0.325515   	
3.3e-10    	1          	0.00205756 	0.00262835 	-0.999994  	0.32729    	
3.31e-10   	1          	-0.0060678 	0.00548915 	-0.999967  	0.328169   	
3.32e-10   	1          	-0.00590565	-0.00696175	-0.999958  	0.328466   	
3.33e-10   	1          	0.010696   	0.000558156	-0.999943  	0.327437   	
3.34e-10   	1          	-0.00599102	0.00983647 	-0.999934  	0.32455    	
3.35e-10   	1          	-0.0013403 	-0.0114393 	-0.999934  	0.324648   	
3.36e-10   	1          	0.00706177 	0.00180529 	-0.999973  	0.323761   	
3.37e-10   	1          	0.00143473 	0.00234249 	-0.999996  	0.322315   	
3.38e-10   	1          	-0.000834912	0.00460826 	-0.999989  	0.323911   	
3.39e-10   	1          	0.0025509  	-0.00423911	-0.999988  	0.32491    	
3.4e-10    	1          	0.0022935  	0.0128065  	-0.999915  	0.325516   	
3.41e-10   	1          	-0.0143124 	-0.00374087	-0.999891  	0.325037   	
3.42e-10   	1          	0.0103449  	-0.00690092	-0.999923  	0.325082   	
3.43e-10   	1          	0.00553045 	0.010391   	-0.999931  	0.324587   	
3.44e-10   	1          	-0.0099805 	0.00554238 	-0.999935  	0.326122   	
3.45e-10   	1          	-0.00679817	-0.016264  	-0.999845  	0.326686   	
3.46e-10   	1          	0.0185572  	0.000222184	-0.999828  	0.32572    	
3.47e-10   	1          	-0.00160277	0.0187373  	-0.999823  	0.325446   	
3.48e-10   	1          	-0.0177046 	-0.00469079	-0.999832  	0.323302   	
3.49e-10   	1          	0.0108385  	-0.020136  	-0.999738  	0.322972   	
3.5e-10    	1          	0.0227964  	0.0160855  	-0.999611  	0.322582   	
3.51e-10   	1          	-0.0213047 	0.017471   	-0.99962   	0.325533   	
3.52e-10   	1          	-0.013492  	-0.0189927 	-0.999729  	0.325343   	
3.53e-10   	1          	0.0137232  	-0.00771686	-0.999876  	0.324443   	
3.54e-10   	1          	0.00673318 	0.0168438  	-0.999835  	0.323084   	
3.55e-10   	1          	-0.0185643 	0.00235655 	-0.999825  	0.322253   	
3.56e-10   	1          	0.000473067	-0.0228351 	-0.999739  	0.323752   	
3.57e-10   	1          	0.0165723  	0.00174887 	-0.999861  	0.324841   	
3.58e-10   	1          	-0.0110967 	0.0104503  	-0.999884  	0.325891   	
3.59e-10   	1          	-0.00920122	-0.00737703	-0.99993   	0.325762   	
3.6e-10    	1          	0.0128559  	-0.0118149 	-0.999848  	0.323596   	
3.61e-10   	1          	0.0116673  	0.0148042  	-0.999822  	0.319788   	
3.62e-10   	1          	-0.0211799 	0.00884333 	-0.999737  	0.317859   	
3.63e-10   	1          	-0.00368983	-0.0242801 	-0.999698  	0.318126   	
3.64e-10   	1          	0.0228546  	0.0021319  	-0.999737  	0.318575   	
3.65e-10   	1          	-0.0044767 	0.0207259  	-0.999775  	0.318384   	
3.66e-10   	1          	-0.0133384 	-0.00324272	-0.999906  	0.318455   	
3.67e-10   	1          	0.0176891  	-0.0098498 	-0.999795  	0.319851   	
3.68e-10   	1          	0.00651428 	0.0270845  	-0.999612  	0.31984    	
3.69e-10   	1          	-0.0272144 	0.00386332 	-0.999622  	0.321341   	
3.7e-10    	1          	-0.0069927 	-0.0260391 	-0.999636  	0.320775   	
3.71e-10   	1          	0.0255159  	-0.00978509	-0.999627  	0.321727   	
3.72e-10   	1          	-0.00284475	0.0165417  	-0.999859  	0.322923   	
3.73e-10   	1          	-0.00682892	-0.00447041	-0.999967  	0.322364   	
3.74e-10   	1          	0.0026036  	-7.27492e-05	-0.999997  	0.322388   	
3.75e-10   	1          	0.00743213 	0.00345706 	-0.999966  	0.321103   	
3.76e-10   	1          	-0.000953556	0.00161672 	-0.999998  	0.321165   	
3.77e-10   	1          	0.00529146 	0.00274873 	-0.999982  	0.322622   	
3.78e-10   	1          	-0.00302871	0.00848687 	-0.999959  	0.321858   	
3.79e-10   	1          	-0.0122196 	-0.00190213	-0.999924  	0.319987   	
3.8e-10    	1          	0.00250131 	-0.00770864	-0.999967  	0.319565   	
3.81e-10   	1          	0.00655078 	0.00451824 	-0.999968  	0.318957   	
3.82e-10   	1          	-0.000978077	0.0115349  	-0.999933  	0.317963   	
3.83e-10   	1          	-0.00498587	0.00148199 	-0.999986  	0.319683   	
3.84e-10   	1          	0.00833161 	-0.00461948	-0.999955  	0.322132   	
3.85e-10   	1          	0.00397304 	0.00491957 	-0.99998   	0.323767   	
3.86e-10   	1          	-0.00828582	0.00151451 	-0.999965  	0.324224   	
3.87e-10   	1          	-0.00864833	-0.00885068	-0.999923  	0.323921   	
3.88e-10   	1          	0.00835089 	-0.00556475	-0.99995   	0.323493   	
3.89e-10   	1          	0.00126757 	-0.000152502	-0.999999  	0.324053   	
3.9e-10    	1          	0.00541869 	-0.0056563 	-0.999969  	0.324518   	
3.91e-10   	1          	0.0170723  	0.00103902 	-0.999854  	0.324912   	
3.92e-10   	1          	0.00155447 	0.0257952  	-0.999666  	0.325853   	
3.93e-10   	1          	-0.0259342 	0.000504674	-0.999664  	0.32618    	
3.94e-10   	1          	0.00122415 	-0.0163158 	-0.999866  	0.32617    	
3.95e-10   	1          	0.0140519  	0.0120618  	-0.999829  	0.325444   	
3.96e-10   	1          	-0.0119294 	0.0114759  	-0.999863  	0.326203   	
3.97e-10   	1          	-0.00498102	-0.0135377 	-0.999896  	0.326175   	
3.98e-10   	1          	0.0177597  	-0.00485012	-0.999831  	0.32494    	
3.99e-10   	1          	-0.00277904	0.0246968  	-0.999691  	0.32391    	
4e-10      	1          	-0.0262457 	-0.0163292 	-0.999522  	0.323599   	
4.01e-10   	1          	0.0206407  	-0.024797  	-0.999479  	0.324522   	
4.02e-10   	1          	0.0191566  	0.0196083  	-0.999624  	0.32518    	
4.03e-10   	1          	-0.0174437 	0.019358   	-0.99966   	0.327348   	
4.04e-10   	1          	-0.0152086 	-0.0122043 	-0.99981   	0.327112   	
4.05e-10   	1          	0.00960583 	-0.00885256	-0.999915  	0.327095   	
4.06e-10   	1          	0.00496107 	0.0101433  	-0.999936  	0.32575    	
4.07e-10   	1          	-0.0146858 	0.000316078	-0.999892  	0.326255   	
4.08e-10   	1          	-0.00321414	-0.0167311 	-0.999855  	0.32526    	
4.09e-10   	1          	0.0177273  	-0.00747846	-0.999815  	0.325139   	
4.1e-10    	1          	0.00343632 	0.0181141  	-0.99983   	0.324385   	
4.11e-10   	1          	-0.0151122 	-0.0034913 	-0.99988   	0.324403   	
4.12e-10   	1          	0.00962031 	-0.00832872	-0.999919  	0.323496   	
4.13e-10   	1          	0.00384594 	0.0152293  	-0.999877  	0.325432   	
4.14e-10   	1          	-0.020315  	-0.00608202	-0.999775  	0.324261   	
4.15e-10   	1          	0.0148385  	-0.0126358 	-0.99981   	0.325232   	
4.16e-10   	1          	0.00198441 	0.0171151  	-0.999852  	0.323687   	
4.17e-10   	1          	-0.0173893 	-0.00257807	-0.999845  	0.32489    	
4.18e-10   	1          	0.00531195 	-0.0169822 	-0.999842  	0.322818   	
4.19e-10   	1          	0.0225432  	0.00571497 	-0.99973   	0.322402   	
4.2e-10    	1          	-0.00853431	0.0292874  	-0.999535  	0.320713   	
4.21e-10   	1          	-0.0260463 	-0.022948  	-0.999397  	0.319772   	
4.22e-10   	1          	0.0253594  	-0.0246795 	-0.999374  	0.320662   	
4.23e-10   	1          	0.0208521  	0.024385   	-0.999485  	0.321547   	
4.24e-10   	1          	-0.0253981 	0.0182584  	-0.999511  	0.324508   	
4.25e-10   	1          	-0.0129054 	-0.0280859 	-0.999522  	0.324904   	
4.26e-10   	1          	0.0239878  	-0.00425359	-0.999703  	0.326319   	
4.27e-10   	1          	0.00493006 	0.031254   	-0.999499  	0.325807   	
4.28e-10   	1          	-0.0344592 	0.0116065  	-0.999339  	0.32542    	
4.29e-10   	1          	-0.00352661	-0.0292584 	-0.999566  	0.326502   	
4.3e-10    	1          	0.0191047  	0.00470002 	-0.999806  	0.327252   	
4.31e-10   	1          	-0.0149307 	0.0102071  	-0.999836  	0.326711   	
4.32e-10   	1          	-0.00653389	-0.0273112 	-0.999606  	0.326929   	
4.33e-10   	1          	0.0364952  	-0.00242275	-0.999331  	0.326079   	
4.34e-10   	1          	-0.0102483 	0.0320569  	-0.999434  	0.32344    	
4.35e-10   	1          	-0.0218967 	-0.0170294 	-0.999615  	0.321492   	
4.36e-10   	1          	0.0220819  	-0.0141291 	-0.999656  	0.320441   	
4.37e-10   	1          	0.0156265  	0.030736   	-0.999405  	0.320951   	
4.38e-10   	1          	-0.0364428 	0.00940516 	-0.999291  	0.318858   	
4.39e-10   	1          	-0.000895795	-0.0301876 	-0.999544  	0.321871   	
4.4e-10    	1          	0.022221   	0.00339101 	-0.999747  	0.322739   	
4.41e-10   	1          	-0.00459003	0.0167814  	-0.999849  	0.323561   	
4.42e-10   	1          	-0.0176699 	-0.0132417 	-0.999756  	0.324802   	
4.43e-10   	1          	0.0200291  	-0.0135414 	-0.999708  	0.325058   	
4.44e-10   	1          	0.00171269 	0.0213602  	-0.99977   	0.328049   	
4.45e-10   	1          	-0.0170859 	-0.00876042	-0.999816  	0.328513   	
4.46e-10   	1          	0.0145643  	-0.0141126 	-0.999794  	0.331076   	
4.47e-10   	1          	0.019734   	0.0141895  	-0.999705  	0.329153   	
4.48e-10   	1          	-0.0194191 	0.0159224  	-0.999685  	0.330617   	
4.49e-10   	1          	-0.0137047 	-0.0214046 	-0.999677  	0.329807   	
4.5e-10    	1          	0.0175625  	-0.0105243 	-0.99979   	0.330516   	
4.51e-10   	1          	0.00684152 	0.0125484  	-0.999898  	0.328908   	
4.52e-10   	1          	-0.0116445 	0.00197319 	-0.99993   	0.328742   	
4.53e-10   	1          	-0.00511952	-0.00273239	-0.999983  	0.328553   	
4.54e-10   	1          	-0.00203838	-0.00831376	-0.999963  	0.33026    	
4.55e-10   	1          	0.00514156 	-0.0023283 	-0.999984  	0.330818   	
4.56e-10   	1          	0.00144851 	0.007061   	-0.999974  	0.332714   	
4.57e-10   	1          	-0.00786907	0.00100103 	-0.999969  	0.332776   	
4.58e-10   	1          	-0.00144778	-0.0133939 	-0.999909  	0.331395   	
4.59e-10   	1          	0.0132083  	-0.00195726	-0.999911  	0.32948    	
4.6e-10    	1          	-0.00434308	0.0133534  	-0.999901  	0.327885   	
4.61e-10   	1          	-0.0095622 	-0.00129941	-0.999953  	0.326243   	
4.62e-10   	1          	0.000658372	0.00418441 	-0.999991  	0.325844   	
4.63e-10   	1          	-0.0131997 	0.00272916 	-0.999909  	0.324575   	
4.64e-10   	1          	-0.00519543	-0.015687  	-0.999863  	0.323265   	
4.65e-10   	1          	0.0110465  	-0.00256426	-0.999936  	0.322579   	
4.66e-10   	1          	-0.00396049	0.00937969 	-0.999948  	0.321944   	
4.67e-10   	1          	0.000212091	-0.00229849	-0.999997  	0.321857   	
4.68e-10   	1          	0.00517256 	0.00121523 	-0.999986  	0.322131   	
4.69e-10   	1          	-0.000610971	0.00167603 	-0.999998  	0.321278   	
4.7e-10    	1          	-0.00171561	-0.00183533	-0.999997  	0.320488   	
4.71e-10   	1          	-0.00163326	0.00792972 	-0.999967  	0.321427   	
4.72e-10   	1          	-0.00153325	-0.00265787	-0.999995  	0.322779   	
4.73e-10   	1          	0.00096509 	0.00325337 	-0.999994  	0.322969   	
4.74e-10   	1          	-0.00381711	-0.000604678	-0.999993  	0.322441   	
4.75e-10   	1          	-0.00145299	-0.00373016	-0.999992  	0.320906   	
4.76e-10   	1          	0.00107301 	-0.0109911 	-0.999939  	0.31801    	
4.77e-10   	1          	0.0159586  	0.00425332 	-0.999864  	0.319054   	
4.78e-10   	1          	-0.00699516	0.0169012  	-0.999833  	0.31977    	
4.79e-10   	1          	-0.0171916 	-0.0111257 	-0.99979   	0.319776   	
4.8e-10    	1          	0.0105543  	-0.012934  	-0.999861  	0.320224   	
4.81e-10   	1          	0.00769001 	0.016937   	-0.999827  	0.321308   	
4.82e-10   	1          	-0.0213974 	0.00285919 	-0.999767  	0.32121    	
4.83e-10   	1          	0.000519147	-0.0171891 	-0.999852  	0.320187   	
4.84e-10   	1          	0.0133445  	-0.00634499	-0.999891  	0.318223   	
4.85e-10   	1          	0.00885524 	0.0101123  	-0.99991   	0.316146   	
4.86e-10   	1          	-0.0131291 	0.00414041 	-0.999905  	0.315976   	
4.87e-10   	1          	0.00273005 	-0.00450724	-0.999986  	0.315643   	
4.88e-10   	1          	-0.00588778	0.0101104  	-0.999932  	0.31664    	
4.89e-10   	1          	-0.00950714	-0.0110991 	-0.999893  	0.318437   	
4.9e-10    	1          	0.0128433  	-0.0055976 	-0.999902  	0.318608   	
4.91e-10   	1          	0.00519295 	0.0189049  	-0.999808  	0.318831   	
4.92e-10   	1          	-0.0238548 	-0.0025942 	-0.999712  	0.31732    	
4.93e-10   	1          	0.00872962 	-0.0189133 	-0.999783  	0.316563   	
4.94e-10   	1          	0.0114504  	0.0103424  	-0.999881  	0.316341   	
4.95e-10   	1          	-0.00912734	0.00463148 	-0.999948  	0.31645    	
4.96e-10   	1          	0.000716962	-0.00643908	-0.999979  	0.318659   	
4.97e-10   	1          	0.00873503 	0.00570214 	-0.999946  	0.320324   	
4.98e-10   	1          	-0.00229732	0.0116985  	-0.999929  	0.321303   	
4.99e-10   	1          	-0.0102295 	-0.00154197	-0.999946  	0.324739   	
5e-10      	1          	0.00308118 	-0.0107992 	-0.999937  	0.326368   	
5.01e-10   	1          	0.00666215 	0.00702508 	-0.999953  	0.337018   	
5.02e-10   	1          	-0.00694832	0.00282553 	-0.999972  	0.338639   	
5.03e-10   	1          	-0.00691153	-0.00964147	-0.99993   	0.335095   	
5.04e-10   	1          	0.00715368 	-0.00798554	-0.999943  	0.330313   	
5.05e-10   	1          	0.00594606 	0.00810791 	-0.999949  	0.328798   	
5.06e-10   	1          	-0.00332812	-0.00389479	-0.999987  	0.327318   	
5.07e-10   	1          	0.00331716 	0.00568333 	-0.999978  	0.327443   	
5.08e-10   	1          	-0.00565695	-0.00078087	-0.999984  	0.326831   	
5.09e-10   	1          	0.00315481 	-0.00348529	-0.999989  	0.326472   	
5.1e-10    	1          	0.0110118  	0.00241058 	-0.999936  	0.326999   	
5.11e-10   	1          	-0.00610206	0.0125855  	-0.999902  	0.327308   	
5.12e-10   	1          	-0.00632438	-0.0121875 	-0.999906  	0.327429   	
5.13e-10   	1          	0.00693094 	-7.83685e-05	-0.999976  	0.327255   	
5.14e-10   	1          	-0.00190934	0.00282697 	-0.999994  	0.329173   	
5.15e-10   	1          	-0.00392922	0.00253798 	-0.999989  	0.33025    	
5.16e-10   	1          	-0.00258538	3.77742e-05	-0.999997  	0.332439   	
5.17e-10   	1          	-0.00202908	0.000448777	-0.999998  	0.334005   	
5.18e-10   	1          	-1.93047e-05	-0.00460426	-0.999989  	0.335223   	
5.19e-10   	1          	0.0066906  	-0.00746956	-0.99995   	0.333496   	
5.2e-10    	1          	0.00991546 	0.00257133 	-0.999948  	0.332416   	
5.21e-10   	1          	0.00148315 	0.0153705  	-0.999881  	0.33278    	
5.22e-10   	1          	-0.0111921 	-0.000502406	-0.999937  	0.333161   	
5.23e-10   	1          	0.00650668 	-0.0175563 	-0.999825  	0.333515   	
5.24e-10   	1          	0.0188846  	0.00261071 	-0.999818  	0.3316     	
5.25e-10   	1          	-0.00148067	0.0220182  	-0.999756  	0.331698   	
5.26e-10   	1          	-0.0203797 	-0.00497923	-0.99978   	0.329559   	
5.27e-10   	1          	0.00456123 	-0.0107059 	-0.999932  	0.329138   	
5.28e-10   	1          	0.00975921 	0.00394393 	-0.999945  	0.327936   	
5.29e-10   	1          	-0.000439577	0.00865071 	-0.999962  	0.329014   	
5.3e-10    	1          	-0.00951219	-0.00557459	-0.999939  	0.330045   	
5.31e-10   	1          	0.012053   	-0.00827251	-0.999893  	0.32851    	
5.32e-10   	1          	0.00360977 	0.0136076  	-0.999901  	0.329166   	
5.33e-10   	1          	-0.00581354	0.00299311 	-0.999979  	0.329796   	
5.34e-10   	1          	-0.00465032	4.26684e-05	-0.999989  	0.33111    	
5.35e-10   	1          	0.0131912  	-0.00638456	-0.999893  	0.332595   	
5.36e-10   	1          	0.00319484 	0.0149285  	-0.999883  	0.334973   	
5.37e-10   	1          	-0.00638363	-0.00879247	-0.999941  	0.33462    	
5.38e-10   	1          	0.00692346 	-0.00545259	-0.999961  	0.334799   	
5.39e-10   	1          	-0.00113566	0.0064719  	-0.999978  	0.33422    	
5.4e-10    	1          	-0.00877598	0.00165011 	-0.99996   	0.333794   	
5.41e-10   	1          	0.00691608 	-0.0114724 	-0.99991   	0.331176   	
5.42e-10   	1          	0.0119252  	0.0165302  	-0.999792  	0.330008   	
5.43e-10   	1          	-0.0189908 	0.00266246 	-0.999816  	0.329115   	
5.44e-10   	1          	0.00147028 	-0.0186463 	-0.999825  	0.330466   	
5.45e-10   	1          	0.0090248  	0.0100083  	-0.999909  	0.331526   	
5.46e-10   	1          	-0.0236166 	-0.002464  	-0.999718  	0.331654   	
5.47e-10   	1          	0.00816479 	-0.0243346 	-0.999671  	0.332265   	
5.48e-10   	1          	0.0251466  	0.01723    	-0.999535  	0.334081   	
5.49e-10   	1          	-0.0157366 	0.0166632  	-0.999737  	0.336079   	
5.5e-10    	1          	-0.0118355 	-0.0190543 	-0.999748  	0.336093   	
5.51e-10   	1          	0.019775   	-0.0155688 	-0.999683  	0.335045   	
5.52e-10   	1          	0.0138068  	0.0226792  	-0.999647  	0.334393   	
5.53e-10   	1          	-0.0197743 	0.00780657 	-0.999774  	0.332318   	
5.54e-10   	1          	-1.62505e-05	-0.0146484 	-0.999893  	0.333515   	
5.55e-10   	1          	0.0110964  	1.8225e-05 	-0.999938  	0.332749   	
5.56e-10   	1          	-0.00358547	0.0087646  	-0.999955  	0.333952   	
5.57e-10   	1          	-0.014278  	-0.00339754	-0.999892  	0.336514   	
5.58e-10   	1          	0.0160655  	-0.0105713 	-0.999815  	0.334849   	
5.59e-10   	1          	0.0133193  	0.0279475  	-0.999521  	0.332697   	
5.6e-10    	1          	-0.0264897 	0.0101035  	-0.999598  	0.332448   	
5.61e-10   	1          	-0.0132131 	-0.0228598 	-0.999651  	0.332489   	
5.62e-10   	1          	0.0243763  	-0.00635072	-0.999683  	0.330793   	
5.63e-10   	1          	0.00356653 	0.0242666  	-0.999699  	0.331632   	
5.64e-10   	1          	-0.0244758 	0.00131765 	-0.9997    	0.330445   	
5.65e-10   	1          	-0.00594683	-0.0209051 	-0.999764  	0.330094   	
5.66e-10   	1          	0.0134906  	-0.00613838	-0.99989   	0.330035   	
5.67e-10   	1          	0.00278288 	0.0155627  	-0.999875  	0.329561   	
5.68e-10   	1          	-0.0103897 	-0.00595097	-0.999928  	0.330835   	
5.69e-10   	1          	0.0131856  	-0.0121548 	-0.999839  	0.33003    	
5.7e-10    	1          	0.00354957 	0.0149005  	-0.999883  	0.328289   	
5.71e-10   	1          	-0.0200245 	0.00115565 	-0.999799  	0.329744   	
5.72e-10   	1          	-0.000372704	-0.0160317 	-0.999871  	0.329715   	
5.73e-10   	1          	0.0155501  	0.0015387  	-0.999878  	0.330242   	
5.74e-10   	1          	-0.00328496	0.0119426  	-0.999923  	0.330299   	
5.75e-10   	1          	-0.00975191	-0.0114297 	-0.999887  	0.328924   	
5.76e-10   	1          	0.0151566  	-0.00521059	-0.999872  	0.327585   	
5.77e-10   	1          	-0.00412136	0.0159275  	-0.999865  	0.328758   	
5.78e-10   	1          	-0.00357732	-0.00547447	-0.999979  	0.330294   	
5.79e-10   	1          	0.00660135 	0.00113925 	-0.999978  	0.329157   	
5.8e-10    	1          	-0.00735672	0.0141799  	-0.999872  	0.329678   	
5.81e-10   	1          	-0.018942  	-0.010442  	-0.999766  	0.327072   	
5.82e-10   	1          	0.0177138  	-0.0139335 	-0.999746  	0.329559   	
5.83e-10   	1          	0.0135702  	0.0160625  	-0.999779  	0.331361   	
5.84e-10   	1          	-0.0124058 	0.00306868 	-0.999918  	0.332941   	
5.85e-10   	1          	-0.00292445	-0.01921   	-0.999811  	0.332016   	
5.86e-10   	1          	0.01622    	-0.00351586	-0.999862  	0.328772   	
5.87e-10   	1          	-0.00208536	0.0135046  	-0.999907  	0.324363   	
5.88e-10   	1          	-0.00980836	-0.00559879	-0.999936  	0.322298   	
5.89e-10   	1          	0.00194654 	-0.00782936	-0.999967  	0.322903   	
5.9e-10    	1          	0.00923285 	0.00539012 	-0.999943  	0.323972   	
5.91e-10   	1          	-0.00469617	0.00933631 	-0.999945  	0.32517    	
5.92e-10   	1          	-0.0109317 	-0.00422923	-0.999931  	0.324544   	
5.93e-10   	1          	0.0142811  	-0.00658141	-0.999876  	0.326131   	
5.94e-10   	1          	0.00119686 	0.0167853  	-0.999858  	0.324432   	
5.95e-10   	1          	-0.0129051 	0.000530143	-0.999917  	0.324071   	
5.96e-10   	1          	-0.00495456	-0.0111032 	-0.999926  	0.322512   	
5.97e-10   	1          	0.0175347  	-0.000712796	-0.999846  	0.322854   	
5.98e-10   	1          	-0.00967531	0.0176979  	-0.999797  	0.322157   	
5.99e-10   	1          	-0.0227668 	-0.014855  	-0.99963   	0.321315   	
6e-10      	1          	0.0195255  	-0.0265439 	-0.999457  	0.322344   	
6.01e-10   	1          	0.0233153  	0.0217801  	-0.999491  	0.321927   	
6.02e-10   	1          	-0.027393  	0.0143406  	-0.999522  	0.321833   	
